3.484801325839114128e+01
3.455780580380935874e+01
3.424630886531369356e+01
3.394351375311888575e+01
3.364006894920063218e+01
3.333968059817682672e+01
3.304115974124727728e+01
3.274509385644731196e+01
3.245159846571386453e+01
3.258915538040024984e+01
3.294007723913743746e+01
3.334132938593256767e+01
3.374825632753811533e+01
3.416253463732402906e+01
3.458442251826768654e+01
3.501412007162901574e+01
3.545180795478109559e+01
3.589766105500755344e+01
3.635186771027892405e+01
3.681461942370654583e+01
3.728610354727709364e+01
3.776651263121509317e+01
3.825604758514139547e+01
3.875489012139700407e+01
3.926328763339455463e+01
3.978143001519995181e+01
4.030952547630565164e+01
4.084775698700381952e+01
4.139633453271701313e+01
4.195545262697493882e+01
4.252530678788019003e+01
4.310609314345735754e+01
4.369801520541447104e+01
4.430126365872394700e+01
4.491602545761557508e+01
4.554256787047155797e+01
4.618112364608773390e+01
4.683176387671784369e+01
4.749449734772358767e+01
4.816940392210104704e+01
4.885636462385605938e+01
4.955528876230923174e+01
5.026583835333732964e+01
5.098762290123448793e+01
5.172037632620104119e+01
5.246359267922467495e+01
5.321640397743527728e+01
5.397848687710531124e+01
5.474951180448423571e+01
5.552854687277365286e+01
5.631500824369913971e+01
5.710673902529768498e+01
5.790479494495840385e+01
5.870286879497722765e+01
5.951004941257045999e+01
6.031726157304640878e+01
6.112012142621549060e+01
6.191376238036035318e+01
6.270202944529496136e+01
6.347184100418908059e+01
6.422190494763663082e+01
6.493999223181442915e+01
6.562154852236724878e+01
6.625552954011638462e+01
6.683799313163837041e+01
6.738234019083391502e+01
6.786896265611322576e+01
6.829017008392816024e+01
6.869137831879218936e+01
6.901663738361548894e+01
6.930418886883413165e+01
6.953497519917483771e+01
6.969906080275694649e+01
6.980040049211351061e+01
6.984885053882904060e+01
