3.376699650415981324e+01
3.285454232607659719e+01
3.419454290739309243e+01
3.280453015265165817e+01
3.520104125156632335e+01
3.288057401140777358e+01
3.402264418148951819e+01
3.280582976236900805e+01
3.244991077076037556e+01
3.273993675281423066e+01
3.240400304509848439e+01
3.246376396845877821e+01
3.240321767096610728e+01
3.227753452361192643e+01
3.284256345476562444e+01
3.254268943343201670e+01
3.242112140391154185e+01
3.275623952234025182e+01
3.237812306344996927e+01
3.258662664047432145e+01
3.249755050710710691e+01
3.245148885655887483e+01
3.250905972719910864e+01
3.231537341064912994e+01
3.250108959814985354e+01
3.241260467836023196e+01
3.232433518010043372e+01
3.233625865186397874e+01
3.250043224766393735e+01
3.231662269313633828e+01
3.220397298932225993e+01
3.269925266476216308e+01
3.236380689710364322e+01
3.231948544375780585e+01
3.247429796010123937e+01
3.228698315448968259e+01
3.233835553534746055e+01
3.241614990499800797e+01
3.236616652698986485e+01
3.236724716977061433e+01
3.228529483297579361e+01
3.220576991814314738e+01
3.242357765200608100e+01
3.249346150046959281e+01
3.234187828237124052e+01
3.247077514756149696e+01
3.234494889186881039e+01
3.228103794246053582e+01
3.226956238792254794e+01
3.240863836091494221e+01
3.240219071407457818e+01
3.242779430208319980e+01
3.220782449739870401e+01
3.218062255549763506e+01
3.244222641559551334e+01
3.223986699238772502e+01
3.224901245358815061e+01
3.239516820596332991e+01
3.242015620685869237e+01
3.240775371634046564e+01
3.224542559267415243e+01
3.240096521513190453e+01
3.238012803671774265e+01
3.226814035759211663e+01
3.227079236941562357e+01
3.239548444274498706e+01
3.218018950785464227e+01
3.242663905710328009e+01
3.243472054275357408e+01
3.240984833922950514e+01
3.221368517350918381e+01
3.228818911009359027e+01
3.233200384133785121e+01
3.239017217411768002e+01
3.220589874031378486e+01
3.244315767928912919e+01
3.218945891350939803e+01
3.244048261969000890e+01
3.242557168665126710e+01
3.238163030802925846e+01
3.239202249658053034e+01
3.242609078085095575e+01
3.235110139833365395e+01
3.219663231525830582e+01
3.244681749927315906e+01
3.243885921884752577e+01
3.237707087598522548e+01
3.241479110938988129e+01
3.234464567406610058e+01
3.226816795386574910e+01
3.238200650512555256e+01
3.244287095623968042e+01
3.241872812400768566e+01
3.244061852119223488e+01
3.227595270646666137e+01
3.227822626663962780e+01
3.251980534229053177e+01
3.230442466957514114e+01
3.241311783799012858e+01
3.226430211615461019e+01
3.240028376146449318e+01
3.226629308863326173e+01
3.229768252357548874e+01
3.231749446597811470e+01
3.247130042667294703e+01
3.235802883480287306e+01
3.238136217416519713e+01
3.232860155662642399e+01
3.234118826195191332e+01
3.232872109889492407e+01
3.243781997781270832e+01
3.238565182419701927e+01
3.225842803059013875e+01
3.232659506613069311e+01
3.240310421629911986e+01
3.238004548406352967e+01
3.235625842842091515e+01
3.241041464790078663e+01
3.241125128802761424e+01
3.244192950037242440e+01
3.248230057281713101e+01
3.231166024221592181e+01
3.219138329321404512e+01
3.232224936262777959e+01
3.223556801278522954e+01
3.246058776846292915e+01
3.234163022208413452e+01
3.246889767255513704e+01
3.241731886182711264e+01
3.235081320391106630e+01
3.228683310488768399e+01
3.223273613244485603e+01
3.251282434734820725e+01
3.225073811066198459e+01
3.246910860695009404e+01
3.243406177377730160e+01
3.235940807988740175e+01
3.244971270867408464e+01
3.236261479160583576e+01
3.238093817305001920e+01
3.240888004684468626e+01
3.233566703828336131e+01
3.226612971898042304e+01
3.245230872708381042e+01
3.248676140923564049e+01
3.243044508248320312e+01
3.224732796322248873e+01
3.239613864305558621e+01
3.233711823325201351e+01
3.225412215630552026e+01
3.235407205644297335e+01
3.249061942895886546e+01
3.238560370811532607e+01
3.239208363167184501e+01
3.228436501511365009e+01
3.228382281710795354e+01
3.240006135177893043e+01
3.241722440339335520e+01
3.244150111207476073e+01
3.232461126530838413e+01
3.229973125423137503e+01
3.245888466297128616e+01
3.246994984582805444e+01
3.243595563761594747e+01
3.254273596626801179e+01
3.239984169519745905e+01
3.245433852476600833e+01
3.238572715250293754e+01
3.247761838505707033e+01
3.248828859770760147e+01
3.239660740951126172e+01
3.231673529160062230e+01
3.234949059480476308e+01
3.226634414012584529e+01
3.234487554872237780e+01
3.243552713521152242e+01
3.248673373951710630e+01
3.230256040619241276e+01
3.241933201108550833e+01
3.247803544799729281e+01
3.227537804165438473e+01
3.240788508845164273e+01
3.251508727222157091e+01
3.247001082399794569e+01
3.245005422890661606e+01
3.238490187434116052e+01
3.254773252777911097e+01
3.222953321049865849e+01
3.222004369299959592e+01
3.245980622654248293e+01
3.225636215907628923e+01
3.238642772126181768e+01
3.233715028689721294e+01
3.219686405804124263e+01
3.246918897530217407e+01
3.240181732950711080e+01
3.248527809942569888e+01
3.244764096400744791e+01
3.256580235348796748e+01
3.228635717840486308e+01
3.228213265288133016e+01
3.243850684793825678e+01
3.228136134988071149e+01
3.243602531883521323e+01
3.239613899186844748e+01
3.237972666497227436e+01
3.246077248032553797e+01
3.226993579471763951e+01
3.244760274023815327e+01
3.233294215135860838e+01
3.222003490882887888e+01
3.246109803038489616e+01
3.231546542228738161e+01
3.237045131396688902e+01
3.260852765308245438e+01
3.235864204760297014e+01
3.244817772506560516e+01
3.223549497547658405e+01
3.235263437380645968e+01
3.240291829494034914e+01
3.239857692113261578e+01
3.257323535571052275e+01
3.223523628235346905e+01
3.257072520092467016e+01
3.233481748436052072e+01
3.230413242266082818e+01
3.249735550332697898e+01
3.233943256653526532e+01
3.231517347512786387e+01
3.242003364584455483e+01
3.244775753244501004e+01
3.257920261511187476e+01
3.246556284813436832e+01
3.235834198854117716e+01
3.251406824230722492e+01
3.252364482621887731e+01
3.241096604264269843e+01
3.234680173541442372e+01
3.235062340096870770e+01
3.240448555390982932e+01
3.240258564748913273e+01
3.243219317132969337e+01
3.248729210311304882e+01
3.230488865838896118e+01
3.228580456119915709e+01
3.236621860211550938e+01
3.225835573804562273e+01
3.233175073696533985e+01
3.256266011375821279e+01
3.247063927180739284e+01
3.226453474672384658e+01
3.241564518528288374e+01
3.250756892585950908e+01
3.235130598497988785e+01
3.236652588383307716e+01
3.252779822534920839e+01
3.249573445497629365e+01
3.230230579099632138e+01
3.246538464969111715e+01
3.254166194625710062e+01
3.226077846154735340e+01
3.227293196603570635e+01
3.229200510572225369e+01
3.241805876659122276e+01
3.253961866821789783e+01
3.223219130388572751e+01
3.256215659310121424e+01
3.223601980004784195e+01
3.252251301974342113e+01
3.241764579920367595e+01
3.232487945117392769e+01
3.237133934648004896e+01
3.234505626130138012e+01
3.249563016189541287e+01
3.255064642323470991e+01
3.250599956259070922e+01
3.251034629311735813e+01
3.243290492807098957e+01
3.258864282176671168e+01
3.245455206407845594e+01
3.228305374014007612e+01
3.241043784650634052e+01
3.241650852980010455e+01
3.246409583797282039e+01
3.246045192643326516e+01
3.239169393345092374e+01
3.240233450054127218e+01
3.228003090549972143e+01
3.255390900840797030e+01
3.251248160190434788e+01
3.248777183661368184e+01
3.251396394321048433e+01
3.253237182346642697e+01
3.241660467175179861e+01
3.253511402597071367e+01
3.220252470594006411e+01
3.252666325587306062e+01
3.247365306460630308e+01
3.245744877770577830e+01
3.228554041133433827e+01
3.231654384560496140e+01
3.233578705746407422e+01
3.228573175917646410e+01
3.215951751251239443e+01
3.240643523938192061e+01
3.247499704320834013e+01
3.244827129951054445e+01
3.231904063240270375e+01
3.239840389700029988e+01
3.238472169645673659e+01
3.255908320748754647e+01
3.215473531739202429e+01
3.245218012150402132e+01
3.232042475337433274e+01
3.221007818203651141e+01
3.241964052203712754e+01
3.249181244975407168e+01
3.231171491603362256e+01
3.247816582284345088e+01
3.231667199062086837e+01
3.243115122362126357e+01
3.241032747326903518e+01
3.253361222968655397e+01
3.239718443660896696e+01
3.214702452751400585e+01
3.241000402984728623e+01
3.230802591295753246e+01
3.240260464131624474e+01
3.229471831188742215e+01
3.232532185506873645e+01
3.226345901141461070e+01
3.223254445161806814e+01
3.236525545617288913e+01
3.245480102648584619e+01
3.243951258699178197e+01
3.247331034768728131e+01
3.248633373422642023e+01
3.247791953922461516e+01
3.259440778303005004e+01
3.244987794725128083e+01
3.247147237239747852e+01
3.221488784990557974e+01
3.240787726020621307e+01
3.253136596647740220e+01
3.254565062362291172e+01
3.240822724456596404e+01
3.237103937831710709e+01
3.245881983987489150e+01
3.234084630299552998e+01
3.255955398583365223e+01
3.229626255827792392e+01
3.246380163615944525e+01
3.242322452751168527e+01
3.245417849193157167e+01
3.258953812650386084e+01
3.232925981520727277e+01
3.232999762241026787e+01
3.220022105733729489e+01
3.226462860090001072e+01
3.240809401058515959e+01
3.258365696499499364e+01
3.246276472375178201e+01
3.233643386027153355e+01
3.244696761423509912e+01
3.260234209660759319e+01
3.226331625228265665e+01
3.261509215429357056e+01
3.224655446306042705e+01
3.259424390232128133e+01
3.221126733106448370e+01
3.256224040200808645e+01
3.230783418717998501e+01
3.250053908191780039e+01
3.254770866950163821e+01
3.233173302582166997e+01
3.232904841704004184e+01
3.245152370337812897e+01
3.239306749964816845e+01
3.225954210474168349e+01
3.237442337156490879e+01
3.249760458634924021e+01
3.261169947617933929e+01
3.255915969214725436e+01
3.227254779338244361e+01
3.238630158306042262e+01
3.263201064958748532e+01
3.260125319200636795e+01
3.218881649291659386e+01
3.240271025131343663e+01
3.252177251795182400e+01
3.233407091944216916e+01
3.245066260601530672e+01
3.230004415615491098e+01
3.241874050950981712e+01
3.260276416486472328e+01
3.225504910288045579e+01
3.254067805756967857e+01
3.251589035488009927e+01
3.252373078791647032e+01
3.217665586722102944e+01
3.254934686420810408e+01
3.235561242897011169e+01
3.253603981434768144e+01
3.240808105502073744e+01
3.253678995924470740e+01
3.257766375738695785e+01
3.222782774552660356e+01
3.243811483705555077e+01
3.226360591600363392e+01
3.240644031532271185e+01
3.224823155069099556e+01
3.228141335352504626e+01
3.240376651346691972e+01
3.238147691372764569e+01
3.245543282619722447e+01
3.229479158123901072e+01
3.224958839392677845e+01
3.226966960202458523e+01
3.278134113351097767e+01
3.246960828998332005e+01
3.245380666934369174e+01
3.256748259716283656e+01
3.227448299767328876e+01
3.250246810941628439e+01
3.256222138864262661e+01
3.254093103268471765e+01
3.243269499931422217e+01
3.226140253200920682e+01
3.255242605143767776e+01
3.243360613697446126e+01
3.262811111965129385e+01
3.227419865426322332e+01
3.233385126132251486e+01
3.295534873743367399e+01
3.261053193280817197e+01
3.227616822035391664e+01
3.248075155038875295e+01
3.264883177189845043e+01
3.277140114583853148e+01
3.252001065727115758e+01
3.244485030396104008e+01
3.245134377211746823e+01
3.339992213435368740e+01
3.259999540911059057e+01
3.244274852845488510e+01
3.256793920047518043e+01
3.250573869998283527e+01
3.285998658354627366e+01
3.250125381573776906e+01
3.230651760289697449e+01
3.231686500621206193e+01
3.248129025063624198e+01
3.245612486526377438e+01
3.314539581923122569e+01
3.264487420500707060e+01
3.324600619964589754e+01
3.241886090346576310e+01
3.255707662729487595e+01
3.321406788478918770e+01
3.262428954703693762e+01
3.357887066867806425e+01
3.264450054257434886e+01
3.288494091769626237e+01
3.242803571857304945e+01
3.369863896778885248e+01
3.392741690739871530e+01
3.302143598972569549e+01
3.223935964330751602e+01
3.259813934685099213e+01
3.247745433180324426e+01
3.408210806661197978e+01
3.270698995529171071e+01
3.424138864000114069e+01
3.229645523663631224e+01
3.380685529797165856e+01
3.267184090270878727e+01
3.439620220529756978e+01
3.239096734431953450e+01
3.387222908149580292e+01
3.350515683711311254e+01
3.227598233717607457e+01
3.520241678736312707e+01
3.246972292368204904e+01
3.233543397955382659e+01
3.331047267659084099e+01
3.511539931718522922e+01
3.314460648221029260e+01
3.321026597641713352e+01
3.316482869526608823e+01
3.303978865583626856e+01
3.303920302424726430e+01
3.370608036909429472e+01
3.443628041047344368e+01
3.276965886722667420e+01
3.409985199805549883e+01
3.222501266308052692e+01
3.369758800143778643e+01
3.351221018974900545e+01
3.403689680245612692e+01
3.405482020646272190e+01
3.332866880545243049e+01
3.303414352619888916e+01
3.357121145250420824e+01
3.352705521483632367e+01
3.466590714287715258e+01
3.463044251028416198e+01
3.454632272027901507e+01
3.427610823558716646e+01
3.408156784788052818e+01
3.395691245718461460e+01
3.290332578125033081e+01
3.416829728451351400e+01
3.447213040493837610e+01
3.527352400455393422e+01
3.379007236397991676e+01
3.486979575722496349e+01
3.436876179349042104e+01
3.502725684159378972e+01
3.458954073222474079e+01
3.454348409927368380e+01
3.427880899773053613e+01
3.497060316529764634e+01
3.376335717788636970e+01
3.469413616914400933e+01
3.447224960557292661e+01
3.471833943255069954e+01
3.612198275375286016e+01
3.351579223692701959e+01
3.540070058432674216e+01
3.421251368709225460e+01
3.453522107587509993e+01
3.571740605253529566e+01
3.486470582477814162e+01
3.495393552723397335e+01
3.386680301005005589e+01
3.492454179109623880e+01
3.517238572380968975e+01
3.496753848726344671e+01
3.532874869708167864e+01
3.578087520036672942e+01
3.493518677776528847e+01
3.434686306088059382e+01
3.470240452803297160e+01
3.472283581526209417e+01
3.613592624128551023e+01
3.648861414729195474e+01
3.501090845108035410e+01
3.706914173554058323e+01
3.518965144816030488e+01
3.605567959440038095e+01
3.478652165043213529e+01
3.484426841197041824e+01
3.634742540057450810e+01
3.509581643165991949e+01
3.574728913737025238e+01
3.605297358297848831e+01
3.481545625499865082e+01
3.504879483678391239e+01
3.664786638444351041e+01
3.481047322347075834e+01
3.638580210410435001e+01
3.509679452981025349e+01
3.651123004778801828e+01
3.558771651276366299e+01
3.601460467752162486e+01
3.511191024008178374e+01
3.449881326768084477e+01
3.608728269541477118e+01
3.578330563974737544e+01
3.580565374043175808e+01
3.552706696111775386e+01
3.591547627642098917e+01
3.699122038732159012e+01
3.602965732206821770e+01
3.610248890987580239e+01
3.629093740001827229e+01
3.479908851877166853e+01
3.667816342912726668e+01
3.637359628858475702e+01
3.534684778179906317e+01
3.669720133489153824e+01
3.618693088304629413e+01
3.570089455908080112e+01
3.790261063369104022e+01
3.688077034056076542e+01
3.561805782297099654e+01
3.723118000034154562e+01
3.581823338044966221e+01
3.686247768808635783e+01
3.420890838885310359e+01
3.635112133836974380e+01
3.756840590524559076e+01
3.511292218134585141e+01
3.695759986385225915e+01
3.648311592203162945e+01
3.834266917118870310e+01
3.508685370752461807e+01
3.658703705709663723e+01
3.645328667924561472e+01
3.667256662604122397e+01
3.544417042945271135e+01
3.635984180493370843e+01
3.716433951559243098e+01
3.630575578541081683e+01
3.680165280720861176e+01
3.765395196632289299e+01
3.684273077097971338e+01
3.658936147667434113e+01
3.655115716400771220e+01
3.817317290273287256e+01
3.656046196713941754e+01
3.696907133524091904e+01
3.718969691425667889e+01
3.617039846227974209e+01
3.594630185060275807e+01
3.702118515875580584e+01
3.690603733455195368e+01
3.645968805587786932e+01
3.780056719708933599e+01
3.563620851538139078e+01
3.690333148380599226e+01
3.781831416179451111e+01
3.666597197005614106e+01
3.674749082241057607e+01
3.807922125906747368e+01
3.653293748259714846e+01
3.692840743873730958e+01
3.643580806841075770e+01
3.683102223103821871e+01
3.775345380316863242e+01
3.627098481858678269e+01
3.753765495727114399e+01
3.721661629286344919e+01
3.731859231840756053e+01
3.702972562830655789e+01
3.646543147742480073e+01
3.681487097779656636e+01
3.795303584397363039e+01
3.600353855688084792e+01
3.689373179995798324e+01
3.768850316993471239e+01
3.685531214060971195e+01
3.766125842910756205e+01
3.844103533082510182e+01
3.685360969736547077e+01
3.891753877980892184e+01
3.595547043391308506e+01
3.780238356942345490e+01
3.706236115602450809e+01
3.835210019682018157e+01
3.701541913779353621e+01
3.752256705273540405e+01
3.767265946490179118e+01
3.788412924682214111e+01
3.661633189764534535e+01
3.648540913470536395e+01
3.994142451241648928e+01
3.715714417220720378e+01
3.689261466322049188e+01
3.779112150361797262e+01
3.778398048410610954e+01
3.734180423873310417e+01
3.672901854561872170e+01
3.693336230764590766e+01
3.830990473019394926e+01
3.733486932903736744e+01
3.843167756198111817e+01
3.847607944995343132e+01
3.727701428571116793e+01
3.757472170060031402e+01
3.819224104508352013e+01
3.801585336164087181e+01
3.753073812441571278e+01
3.830287048704682462e+01
3.814143151323366254e+01
3.709204721374161551e+01
3.837384960861154326e+01
3.854987910049517552e+01
3.825070135139242211e+01
3.802571600265690677e+01
3.779560190103421036e+01
3.811488708356893795e+01
3.761860632088879441e+01
3.825735255422722503e+01
3.813230543149752805e+01
3.727257549206009202e+01
3.727638218179696850e+01
3.859919045771161450e+01
3.770303613266725762e+01
3.779995721196235792e+01
3.734044873782132612e+01
3.786134172391618335e+01
3.890079452011246275e+01
3.874405473820306867e+01
3.816405917278143534e+01
3.749257390484341812e+01
3.866113075748242522e+01
3.819436885489496092e+01
3.812191565873524013e+01
3.788964807540979507e+01
3.873684036842950462e+01
3.870737334439266419e+01
3.834780311596362878e+01
3.800735209040286833e+01
3.878036697237791941e+01
3.829731445324048167e+01
3.814495361909041549e+01
3.881598454262115894e+01
3.901800492594924918e+01
3.793819293963528594e+01
3.791166716989026497e+01
3.886336588042778573e+01
3.780683334995333666e+01
3.940758287554082528e+01
3.806928727917714639e+01
3.902144744514885844e+01
3.822224743611223374e+01
3.762204424360160004e+01
3.906085153648633934e+01
3.826681999645543186e+01
3.815910333030741697e+01
3.860350196652021282e+01
3.894548567380810766e+01
3.844643696367551655e+01
3.799156544757708076e+01
3.962779976620932132e+01
3.946904496684778962e+01
3.792610264814252474e+01
3.914306093643664042e+01
3.859181572857539066e+01
3.898485611894546565e+01
3.869143591097177648e+01
3.888854897650404041e+01
3.899385701817895011e+01
3.891661322771188480e+01
3.929858414807038969e+01
3.970888189460320916e+01
3.843270729784256190e+01
3.904914298285522989e+01
3.828700644361935446e+01
3.884474342327185781e+01
3.923341155802791036e+01
3.887373992026661540e+01
3.987283720459199543e+01
3.869749049330741286e+01
3.901310425480266986e+01
3.876449095312643323e+01
3.929393622520129270e+01
3.967352683782462464e+01
3.883551471160873092e+01
3.924253018728288822e+01
3.903130278723262592e+01
3.962039474823948382e+01
3.884779428935551948e+01
3.918790289202932797e+01
3.928994533102513032e+01
3.922946467134261894e+01
3.943325859387269361e+01
3.930189993389571868e+01
3.937136513724122722e+01
3.888192697172949863e+01
3.917165195123439503e+01
3.939665882309756739e+01
3.915373591829987987e+01
3.927169240788873594e+01
3.965086462771928666e+01
3.937011345744235769e+01
3.922133453599929709e+01
3.945174019356845463e+01
3.981359849685146202e+01
4.016934046172431749e+01
3.942611278432472233e+01
3.916272318365156480e+01
3.953067982298836114e+01
3.923071160577929106e+01
3.981980257476076446e+01
3.977956642837492751e+01
3.999182079089849395e+01
3.917970641219689298e+01
3.918456014592832304e+01
3.993926368117386971e+01
3.923185165985844236e+01
3.911276724156542883e+01
4.043235526066781205e+01
3.885504037468619742e+01
4.059806863673198052e+01
3.929735784168187251e+01
3.910012189825881279e+01
3.979492506322929302e+01
3.944447661003026440e+01
3.975284942902594310e+01
3.937119606033949282e+01
4.049659247339165091e+01
3.898525035311335785e+01
3.955742455477176378e+01
4.058410281312114876e+01
4.024888978305000364e+01
4.030395252012982610e+01
3.960161069265370770e+01
3.971061585388461879e+01
4.001531309544628101e+01
3.954500371783508683e+01
3.980888060516876692e+01
3.923202590831562020e+01
4.026943354523185548e+01
3.949731931694975628e+01
4.003690455427557282e+01
4.077984983939534658e+01
3.987610084950858891e+01
3.982392096383828317e+01
4.028948805359905805e+01
4.017037788919740393e+01
3.972795801438353891e+01
3.981420640966464219e+01
4.040477939440633293e+01
3.903058923444855566e+01
3.994418282144827970e+01
3.976179860447010839e+01
4.039090319170251320e+01
3.955168493497475168e+01
4.016293007795336223e+01
4.052578737105599771e+01
4.028051378312453323e+01
4.060490875955302670e+01
4.043839254789222082e+01
4.012643375212569907e+01
3.935515428934974835e+01
3.944681776132178186e+01
4.054182353381184356e+01
3.930363979835149024e+01
4.005041762366284530e+01
3.988968088448051219e+01
4.076072871045506218e+01
4.016046898143953570e+01
3.940258171217119099e+01
4.077113490583533917e+01
4.010413774255287933e+01
3.964020922620483844e+01
4.014599440076395354e+01
3.933299506084658503e+01
3.966043282110293688e+01
4.046982507876633406e+01
3.959927634330668411e+01
4.024107650175412232e+01
3.987883178938449902e+01
4.004716975304653914e+01
3.983230046979525696e+01
4.040396124824125934e+01
3.978842494397893148e+01
4.058192605847504097e+01
3.954340799127923134e+01
3.944838747342055285e+01
4.022140720396261315e+01
4.080205419156699520e+01
3.972532627729744803e+01
4.023116090692030866e+01
3.984168860745559471e+01
3.986177280923811139e+01
4.063012867935191252e+01
4.065255567157701933e+01
4.014263113830276097e+01
3.998885369398223588e+01
4.074487760266220704e+01
3.949642395467326850e+01
4.047894000665897352e+01
4.010372519759904009e+01
4.005076142487800439e+01
3.931284032430230013e+01
4.005593515151181805e+01
3.997673182483903531e+01
4.105217934175887251e+01
4.033503652867619138e+01
4.062450442781574367e+01
4.057719857452794088e+01
3.984253673193124001e+01
3.986207217675764269e+01
4.028266767834716688e+01
4.042357308816180250e+01
4.093947881118285181e+01
3.963271922225082022e+01
4.015632358020428683e+01
3.886621341879470748e+01
4.053880929185530846e+01
4.000921999462084955e+01
4.069877438320035878e+01
4.065064381733729704e+01
4.050237774076407504e+01
4.110138132873785821e+01
4.075819746485939277e+01
4.048931884277018867e+01
4.027781551477031030e+01
4.052247846851610547e+01
4.000658917835137629e+01
4.045807120042572080e+01
4.036238794382980188e+01
3.987882493601226486e+01
4.042211971954606042e+01
4.011208369777775573e+01
4.003207502865012657e+01
4.092429604364602369e+01
4.061845619903144211e+01
3.970094964514535718e+01
4.054708836633648872e+01
3.945064055491508981e+01
4.094250600792843642e+01
4.001504972391417425e+01
4.100756241978722016e+01
4.047802579687579794e+01
4.034086424143061578e+01
4.034929638906533000e+01
4.021518419606299943e+01
4.093590387118850771e+01
4.041569821008879160e+01
4.026207731277865065e+01
4.064768761047504597e+01
4.050606623681105845e+01
4.077069460466822193e+01
4.063753923408905422e+01
4.076263354114297499e+01
3.996643967205545067e+01
4.070005595343064186e+01
4.071459353598046960e+01
4.042151182136318255e+01
4.053052542188055440e+01
4.040435580669062432e+01
4.066358866371571423e+01
4.094457057470314254e+01
4.078047086974564905e+01
4.022691330257292464e+01
4.057839071984481905e+01
4.025071528555117339e+01
3.986088098142525382e+01
4.119045045751014555e+01
4.064590824548753289e+01
4.142122941554396931e+01
4.017723474401295647e+01
4.133094631540723185e+01
4.075590239840479256e+01
4.014945168693942179e+01
4.061544879177795764e+01
4.047787468897979579e+01
4.106060202749419830e+01
4.064571012160519103e+01
3.985441872828069876e+01
4.131381323801034711e+01
4.069820276014664273e+01
4.093023972725286797e+01
4.038392716510571745e+01
3.961492895332427366e+01
4.033619947899427416e+01
4.079457057033192768e+01
4.101292438290273878e+01
4.039255142408251231e+01
4.025400166510064537e+01
4.037436535865467135e+01
4.021451203596601687e+01
4.135727761464087138e+01
4.098471929389737056e+01
4.001352909619401998e+01
4.103880034714329383e+01
4.024419082615466436e+01
4.040361086714993633e+01
4.098914748364394711e+01
4.030885386718438212e+01
4.141085822409818462e+01
4.092082094555833294e+01
4.034708968609403712e+01
4.038012370107571058e+01
4.061453809101450929e+01
4.033425345870405465e+01
4.063008996932811812e+01
4.084492368018452879e+01
4.100911814552050316e+01
4.113520072704329067e+01
3.998600965056191825e+01
4.107987264829259999e+01
4.117423852674555462e+01
4.097354837319384302e+01
4.003729843598175364e+01
4.122422662295316798e+01
4.072382249249931618e+01
4.110136845249715520e+01
4.064056359267031127e+01
4.057216944339509723e+01
4.195028194068987659e+01
4.054290732887586302e+01
4.128344766212991601e+01
4.054811240355240898e+01
4.083830123937052292e+01
4.092973358971153175e+01
4.090358659139755559e+01
4.100192344496517194e+01
4.003189675213211984e+01
4.097786137000950646e+01
4.102190696219297905e+01
4.115549948125189417e+01
4.073591357723210393e+01
4.161326670101028213e+01
4.069662642664004437e+01
4.073417796609136587e+01
4.075827561475478689e+01
4.139208457516419770e+01
4.110017036645984234e+01
4.161057531216838612e+01
4.070611825005597240e+01
4.134166959927458151e+01
4.115695206081896629e+01
4.059490915469864802e+01
4.127713669309945743e+01
4.160966683361310459e+01
4.159309347869737650e+01
4.063879563970206021e+01
4.146847743404268982e+01
4.100014721146907704e+01
4.095484205452478221e+01
4.065825898636891367e+01
4.080682666773519429e+01
4.094788887315434067e+01
4.068943456044282669e+01
4.036286986938494437e+01
4.104451233403393218e+01
4.087261134677488883e+01
4.164308096156471350e+01
4.088544355667525565e+01
4.059832499269624151e+01
4.139741110276460034e+01
4.064758400918363179e+01
4.132869705885481437e+01
4.058779640476569739e+01
4.123464544647515595e+01
4.061644028753724456e+01
4.141556035214060216e+01
4.124961385168681005e+01
4.137695659401781967e+01
4.072465253211516512e+01
4.207829483138878146e+01
4.084517578519091785e+01
4.111861100550294879e+01
4.116792193234373087e+01
4.056021114273698203e+01
4.110340868272832893e+01
4.180045525556253949e+01
4.232239574471175558e+01
4.072908368486395148e+01
4.107366558419978020e+01
4.099382131249585370e+01
4.266164745599424890e+01
4.108957682469464601e+01
4.134763606203065223e+01
4.197048224509387637e+01
4.132265818086699483e+01
4.077007698334493568e+01
4.192939259266322694e+01
4.127315427139559034e+01
4.102281744093119897e+01
4.126239817383262931e+01
4.108948459005360121e+01
4.145663937406049371e+01
4.124792074595087854e+01
4.112151436239174274e+01
4.117652586753886368e+01
4.138950043821419911e+01
4.114124920893343074e+01
4.159407346658414895e+01
4.106643862889179530e+01
4.168252168088935861e+01
4.135726941406064583e+01
4.133983959147411724e+01
4.129798850497279261e+01
4.115344078957895135e+01
4.091686036216025002e+01
4.121441564707604499e+01
4.114097314161272578e+01
4.119017518790430188e+01
4.160740625467671805e+01
4.095033625428274604e+01
4.278128797834970953e+01
4.116100025067529344e+01
4.158017219344152693e+01
4.102002071118639748e+01
4.169431554743777468e+01
4.124529701787091085e+01
4.159780522419758597e+01
4.321421888739637041e+01
4.147036968116176325e+01
4.178524244808472332e+01
4.277860624012937762e+01
4.132224916022816075e+01
4.164186294108058917e+01
4.286061274616710648e+01
4.115768118003386888e+01
4.377405155450684049e+01
4.096649225944729977e+01
4.304777511561123760e+01
4.112072066747456489e+01
4.351307312935574600e+01
4.174819202458212430e+01
4.207355267582348546e+01
4.166669716162243020e+01
4.174888489085829946e+01
4.164292681533231644e+01
4.238430956914780978e+01
4.194207203788355542e+01
4.163835154296327090e+01
4.214981095403278744e+01
4.390735067718365059e+01
4.165764995721033870e+01
4.223560035626828579e+01
4.136528887430041834e+01
4.162059674287043265e+01
4.143003567249192542e+01
4.175474652815054100e+01
4.198043812754510640e+01
4.253133320427436814e+01
4.182593849232004857e+01
4.258959755972055916e+01
4.212676053142811128e+01
4.122702042662412225e+01
4.350170494268661514e+01
4.167692192558406816e+01
4.320785417006038642e+01
4.170955389510960742e+01
4.347237743591745840e+01
4.153650278084386116e+01
4.233249753988167186e+01
4.136611122212030267e+01
4.463815795221470495e+01
4.175341474829270538e+01
4.332226307582327962e+01
4.320272710754543510e+01
4.159959848547846661e+01
4.290301244437823414e+01
4.202574840873316475e+01
4.318285855943501161e+01
4.265990245773639344e+01
4.365835510090850136e+01
4.205380072010050441e+01
4.374570747845660890e+01
4.156884617325101772e+01
4.359848892052263380e+01
4.396040731424332648e+01
4.297536809920918444e+01
4.472086817676814974e+01
4.217198236002752765e+01
4.235885051729237460e+01
4.289430053817903143e+01
4.194331824199895919e+01
4.387616604033966894e+01
4.281602193837581893e+01
4.307703098221820426e+01
4.433765582879875922e+01
4.220121360196949212e+01
4.399740520416045797e+01
4.272154458132148136e+01
4.169510911856514923e+01
4.412892801564110812e+01
4.310215455101288740e+01
4.385459074001529700e+01
4.378607203018020755e+01
4.299926516862418424e+01
4.300063991578002032e+01
4.330472540215803434e+01
4.374829871327964526e+01
4.499236357659466989e+01
4.584861718377158013e+01
4.345963876074271326e+01
4.376641637726324774e+01
4.273623590442476683e+01
4.439527640867493830e+01
4.465748470341988252e+01
4.462512890624218898e+01
4.518205669977091787e+01
4.486524491248386681e+01
4.464280662753382245e+01
4.593655199488725316e+01
4.369306512007792520e+01
4.526537377002120621e+01
4.327422166587145114e+01
4.540935014445432216e+01
4.438735748394722691e+01
4.384499281855421060e+01
4.524228430895950481e+01
4.639949900330584143e+01
4.240274500809013603e+01
4.550006301068577130e+01
4.315013865146553940e+01
4.547118167368827812e+01
4.285205685990896285e+01
4.443677082284798274e+01
4.416053197484315262e+01
4.475061622517232962e+01
4.334431375286514765e+01
4.400658354942585504e+01
4.342547655525157069e+01
4.544529797082959988e+01
4.603275128093753921e+01
4.375138055904481149e+01
4.588449705098455667e+01
4.701260264374266740e+01
4.468301455372674980e+01
4.522548777744023596e+01
4.452652556348989066e+01
4.681893150585409558e+01
4.528429690843747579e+01
4.672154792095981435e+01
4.756763146631544004e+01
4.472849960157866889e+01
4.683972774164783459e+01
4.445236580887078759e+01
4.408031952170036050e+01
4.589477704465782892e+01
4.599756863928116246e+01
4.513919405738751323e+01
4.576053371851893559e+01
4.567553318196380729e+01
4.486978706883765966e+01
4.657238781252771531e+01
4.761081479506616176e+01
4.646376558335835227e+01
4.851295705792973934e+01
4.898218018187585443e+01
4.693937389558805506e+01
4.736860128000193981e+01
4.517802195431169565e+01
4.755647848490626473e+01
4.422014634730803806e+01
4.713692814547644616e+01
4.614576359578110498e+01
4.915314956505950761e+01
4.614234585485921514e+01
4.671400339489121478e+01
4.703325784271159193e+01
4.858197685276077493e+01
4.642812618432082417e+01
4.745036702455860933e+01
4.796581997479073323e+01
4.793784023109507331e+01
4.688309846770756906e+01
4.689692520748092619e+01
4.622245040582804876e+01
4.700821484573659603e+01
4.621882997657313297e+01
4.868173177895310033e+01
4.682657022675232383e+01
4.885251146077462181e+01
4.498404611639064399e+01
4.818674008837835032e+01
4.634815069718958114e+01
4.767512755195563301e+01
4.816333713380382875e+01
4.691131371637715830e+01
4.898716705267138849e+01
4.784363337900011715e+01
4.960302992045794213e+01
4.750586663231322859e+01
4.912823984276774780e+01
4.809177335833159361e+01
4.720265481348358350e+01
4.765729917314840236e+01
4.744972814660735594e+01
4.905773038012001308e+01
4.778488651081237037e+01
5.198128526064017052e+01
4.721635421697646962e+01
4.747366278435194431e+01
4.880018826029571954e+01
4.893857519808454271e+01
4.871136502076755193e+01
5.004827649232101550e+01
4.845596700900680531e+01
4.770405758719844158e+01
4.962395721429456330e+01
4.855438570896399852e+01
5.169057706170259792e+01
4.948266265130879304e+01
4.933978611391055580e+01
4.836307689498674733e+01
4.941346897820685058e+01
5.051456994770726538e+01
4.906497752909876908e+01
4.977922889525368788e+01
4.888138085709580594e+01
4.906436149983630202e+01
4.963707580976988964e+01
4.910502529326097942e+01
5.039612120231609538e+01
5.093784846764270924e+01
4.963783140778983238e+01
4.914071888179872616e+01
4.960836176013039278e+01
4.885608972307804265e+01
5.058165498359532108e+01
5.137576139795422847e+01
4.952365081822310344e+01
5.130092221986174650e+01
5.134417096287830162e+01
5.055461582314373459e+01
5.147665554763369045e+01
5.070660483064191482e+01
5.005527508450319374e+01
4.978493919762386355e+01
4.985821672142647287e+01
4.996166944261968013e+01
5.120045818624853950e+01
4.793447820252013969e+01
5.126022481285338728e+01
5.247191062031981090e+01
5.091319709682471029e+01
5.251733541196940536e+01
5.125473420473284847e+01
5.318542001396598096e+01
5.151626566487571779e+01
5.272562002155940775e+01
5.151337398640988141e+01
5.086721169142469989e+01
5.090001176914969960e+01
5.140764803965803509e+01
5.002063805360717197e+01
5.218026153437455861e+01
5.218897991637083322e+01
5.247757586612059555e+01
5.225514890330238416e+01
5.255654047478500956e+01
5.083738595061365828e+01
5.315577282124101544e+01
5.429019501249771906e+01
5.134069372887699956e+01
5.139807085148555643e+01
5.189496103374605696e+01
5.353901522417199033e+01
5.513568058785983794e+01
5.367638593177179729e+01
5.317663285603776302e+01
5.488462405584379411e+01
5.369713656999157791e+01
5.401301373078793233e+01
5.402756212506118061e+01
5.270335232556641358e+01
5.179253913652545549e+01
5.375119827669772832e+01
5.241543979192743308e+01
5.378028557927898845e+01
5.213737281967104309e+01
5.313895775385641684e+01
5.489624703500388136e+01
5.291096890375281703e+01
5.323260836125427886e+01
5.262411006420558124e+01
5.404329482340879309e+01
5.472209848170646751e+01
5.346047480861693657e+01
5.375338066435988083e+01
5.367131736951371579e+01
5.416559040770373912e+01
5.629728259232647503e+01
5.330345356037527438e+01
5.450952211154711335e+01
5.490688054738456003e+01
5.494376219920545168e+01
5.354332488182654259e+01
5.389110675172859288e+01
5.676485325179670838e+01
5.559437427760117600e+01
5.420948045406777283e+01
5.450825916972028296e+01
5.424571290999491424e+01
5.690426358973085996e+01
5.321625984128252185e+01
5.299245819488290721e+01
5.431007942204349348e+01
5.481278120017850597e+01
5.463679018511530217e+01
5.606043331616930203e+01
5.304111589356444512e+01
5.405485104270766783e+01
5.604149635872699520e+01
5.640174452836989616e+01
5.629933732854922823e+01
5.600198123636293701e+01
5.607673464161596399e+01
5.613864755873562018e+01
5.643545173837721762e+01
5.469202904351324435e+01
5.667135801757326874e+01
5.783438402649244381e+01
5.624849122649104061e+01
5.596028892362312490e+01
5.745435018732190713e+01
5.740919001729333360e+01
5.571902666986404995e+01
5.695372080646000512e+01
5.636292032202976543e+01
5.605291095431343251e+01
5.686763250113684620e+01
5.542605950874902732e+01
5.641436553887701422e+01
5.647297452648001581e+01
5.702886813637357477e+01
5.927214251535487932e+01
5.683083366688610027e+01
5.703163230008630080e+01
5.723673281325633866e+01
5.641870504757907412e+01
5.838415062288461854e+01
5.825769546863637061e+01
5.953133899745566282e+01
5.848554655692301907e+01
5.838921532768931399e+01
5.806932304073090023e+01
5.785728223153888905e+01
5.780158124518660401e+01
5.956967826310683733e+01
5.800642597169292713e+01
5.844790841891391864e+01
5.698166774424154823e+01
5.753561317453284829e+01
5.846952291431778548e+01
5.746571720066047106e+01
5.863344779853869682e+01
5.942106384159841781e+01
5.833986668775912676e+01
6.210653857138765943e+01
5.880848835893195314e+01
5.923908633053678585e+01
5.915056210420677729e+01
5.857973333259038640e+01
5.992536126256840134e+01
5.971710327470045598e+01
5.892129162495252359e+01
5.935747921388826143e+01
6.135649314198569471e+01
5.955795812725446581e+01
5.961556227114496664e+01
6.016516398869973159e+01
5.871333139555758152e+01
6.022751384969251376e+01
5.853220851666662128e+01
5.941810575006034867e+01
6.004704189187426522e+01
5.937410790573940744e+01
6.076349969412925134e+01
6.067971917907943435e+01
5.981433715597231071e+01
5.953506729998798619e+01
6.003604569478682151e+01
5.931137748394359477e+01
5.988350928937356343e+01
5.894326403923255953e+01
6.169984357030783428e+01
6.182849224919937114e+01
6.162487912159304670e+01
6.046754532527143056e+01
5.940396744641861915e+01
6.156164793455010908e+01
5.855620033074622199e+01
6.024309398744959054e+01
6.135321689697039460e+01
6.131971629685086356e+01
6.157883521335236310e+01
6.161802359409802676e+01
6.029073210611646516e+01
6.133635568389359349e+01
6.262025205563192998e+01
6.155473492586936146e+01
6.199044553502189103e+01
6.132666631891275699e+01
6.276393580229034086e+01
6.091775930078765100e+01
6.181003372259839779e+01
6.225739407675059311e+01
6.266098652710329731e+01
6.221008322056262330e+01
6.345505222600197470e+01
6.145838594365345386e+01
6.294961953906359753e+01
6.382661629699207850e+01
6.245122928145773500e+01
6.144116095772239561e+01
6.272787211576613231e+01
6.199906727605084455e+01
6.182672817063904347e+01
6.418728114233984172e+01
6.185776580471494412e+01
6.224914938360141292e+01
6.284406082823039696e+01
6.293334013344900768e+01
6.319921343750232978e+01
6.354874249918486129e+01
6.211487682636197860e+01
6.471646281300608905e+01
6.430032356716505149e+01
6.272176137677311658e+01
6.304155778849602854e+01
6.409576339447782800e+01
6.423420392342926277e+01
6.395483961585229338e+01
6.360663653949124807e+01
6.413826808499729282e+01
6.465674831700312097e+01
6.375144225673828657e+01
6.495283752388219511e+01
6.449732405137956448e+01
6.459057225774074595e+01
6.404345578564257835e+01
6.278304361549049872e+01
6.504466870412565527e+01
6.451874303393447008e+01
6.458720208677144115e+01
6.410216631718732572e+01
6.495977332445841057e+01
6.356489229364034799e+01
6.497561488415446718e+01
6.413162562360642482e+01
6.447868442077569284e+01
6.399781243646902595e+01
6.462375336133908377e+01
6.490392691226560373e+01
6.572969554537952774e+01
6.471968653663807913e+01
6.539590214318934613e+01
6.412421033835637729e+01
6.438623500368018426e+01
6.382423017251166897e+01
6.398396726902711151e+01
6.614989253562458771e+01
6.486762118919064335e+01
6.496583217365579799e+01
6.423708091567280576e+01
6.488614956563502290e+01
6.632152892377885678e+01
6.538690574841625391e+01
6.481718060592778841e+01
6.562614782405672997e+01
6.517094918255131120e+01
6.512518295573268290e+01
6.460006905746254802e+01
6.562944483741750901e+01
6.561267772818021626e+01
6.539661776792553383e+01
6.577194524751195104e+01
6.560437945976956087e+01
6.578604964029078417e+01
6.623337268398216793e+01
6.610840413207832000e+01
6.500598135573368097e+01
6.656281147360608941e+01
6.576555798804128017e+01
6.635580258725372005e+01
6.567285419581803296e+01
6.729819527386212030e+01
6.601114852189003557e+01
6.613311589962764003e+01
6.667807799945043712e+01
6.634122255091669729e+01
6.582919931070321695e+01
6.613654502113777767e+01
6.512125580759727939e+01
6.586697836121466310e+01
6.590113528150355648e+01
6.499145900517875418e+01
6.642926604731856344e+01
6.576383992737834205e+01
6.655627618894483533e+01
6.588952665654321095e+01
6.614509776501787996e+01
6.661609876572551059e+01
6.635908854979912519e+01
6.612465592718598373e+01
6.564098089872177866e+01
6.617557542757185729e+01
6.605626570341608783e+01
6.634020217858255819e+01
6.579630409137135416e+01
6.632560747593798567e+01
6.701028133009786814e+01
6.595806571077832814e+01
6.616995538279454081e+01
6.603096286444583995e+01
6.619400228834716415e+01
6.669366351440753249e+01
6.592803633011396869e+01
6.661254055180268097e+01
6.598829293927354911e+01
6.625911539472529910e+01
6.670782380126883027e+01
6.586040497432951213e+01
6.673328437700540405e+01
6.715795553772356641e+01
6.607525934723547323e+01
6.675706428797943204e+01
6.616214834685189317e+01
6.678336602519384257e+01
6.698845864278938222e+01
6.653163667530405689e+01
6.658924656355200966e+01
6.666747833909019505e+01
6.595018938175175549e+01
6.649498431431750589e+01
6.632281953135742469e+01
6.679333845592948649e+01
6.630273134694868986e+01
6.653689744451450849e+01
6.587882821544732792e+01
6.649714974043708082e+01
6.670707860463249972e+01
6.619563945386887838e+01
6.570553224569233919e+01
6.636407716421038572e+01
6.689540565893071289e+01
6.572930408549562742e+01
6.640325917535511735e+01
6.577431629322057915e+01
6.652238147213707009e+01
6.589320008633559667e+01
6.630087928789676255e+01
6.687708480056878102e+01
6.652088563869325810e+01
6.680733080757499920e+01
6.655525402776731880e+01
6.639056594636261366e+01
6.555537051333280374e+01
6.589269101437308507e+01
6.623206733865472984e+01
6.692771149372705963e+01
6.556944585575887174e+01
6.605908495037934358e+01
6.659077716314392603e+01
6.653789045665902790e+01
6.674477722343166874e+01
6.529156757702175184e+01
6.611883575231665588e+01
6.589013441890256217e+01
6.674580991107760042e+01
6.554125153672430315e+01
6.629502064582625565e+01
6.584989424903564270e+01
6.548541598815924658e+01
6.583053034339233989e+01
6.477211288242877174e+01
6.534838785307175613e+01
6.631568899914671533e+01
6.616032187596111669e+01
6.411113938477612351e+01
6.647426642893437077e+01
6.590790787930392014e+01
6.423355350590655632e+01
6.595601350365400606e+01
6.653795458958485654e+01
6.483376749607566580e+01
6.569493109690998267e+01
6.512198209729571374e+01
6.633290577337858451e+01
6.429431051123822272e+01
6.451797826327714347e+01
6.562681995147661951e+01
6.449839734771991573e+01
6.557119634311709433e+01
6.490616470145032224e+01
6.452057124542622546e+01
6.632864406036863159e+01
6.460963728506453663e+01
6.580172629108955107e+01
6.592283741075277703e+01
6.471233378109566559e+01
6.482244017801909308e+01
6.487686835927645745e+01
6.485996037313644536e+01
6.599959003848681505e+01
6.451690598056345038e+01
6.399894264568553837e+01
6.500911391212457602e+01
6.528322269160349833e+01
6.436194723394214634e+01
6.489988968354526833e+01
6.509626279764174228e+01
6.363369888242099393e+01
6.533952785818219411e+01
6.470158394324371898e+01
6.325522779845294252e+01
6.377556900920633609e+01
6.310973133124590362e+01
6.399262483024885739e+01
6.476499345024022603e+01
6.474996742974643382e+01
6.479581518209420210e+01
6.484742564291845213e+01
6.351819989627953333e+01
6.367864767440062934e+01
6.308845185867473759e+01
6.268871783741349191e+01
6.353685498758074601e+01
6.358994339337156987e+01
6.400976033332963766e+01
6.386575233778303584e+01
6.363132781989084918e+01
6.247623036186415391e+01
6.478141201929223314e+01
6.331785496351579212e+01
6.334709030018121467e+01
6.391005986648778503e+01
6.235203718285263363e+01
6.328357098983356366e+01
6.267157813939457611e+01
6.350949834186089760e+01
6.274663886710575156e+01
6.283838024065501315e+01
6.383512523176384690e+01
6.217836241077591808e+01
6.346543661417344140e+01
6.229625442167764504e+01
6.332677670510862100e+01
6.293366525743017803e+01
6.285853382343812257e+01
6.329260521609244705e+01
6.385719209160503596e+01
6.244893110726773955e+01
6.348183310792512657e+01
6.207672596195151726e+01
6.321970623535825951e+01
6.422150896253042163e+01
6.177750928654163687e+01
6.197557621716048715e+01
6.253148603110962966e+01
6.319817719914775012e+01
6.225680325556280792e+01
6.124304615477732483e+01
6.262833930412419647e+01
6.252588056761215540e+01
6.193089419123180051e+01
6.302291512861931011e+01
6.297722037589371524e+01
6.175082096633374817e+01
6.253028364854620236e+01
6.188603303713629344e+01
6.322280119405402843e+01
6.227892539923099946e+01
6.086330162353837636e+01
6.181401833352224884e+01
6.254545877084758132e+01
6.243116376207282059e+01
6.302412074803301323e+01
6.149261887951956851e+01
6.286403382278665930e+01
6.229230338106439291e+01
6.089657563636595228e+01
6.138784828803802185e+01
6.248935864530197648e+01
6.149913625370218995e+01
6.037261688579965124e+01
6.178799787492064866e+01
6.146129995742262508e+01
6.186923318270625316e+01
6.293297323166380863e+01
6.129862653349957213e+01
6.039409190726978949e+01
6.087823205547466188e+01
6.114861524314479624e+01
6.146065602161058905e+01
6.208371508051753551e+01
6.101270814532160358e+01
6.038391730555503045e+01
6.101439815321898408e+01
6.079558679908814156e+01
6.051187255967567324e+01
6.145517100349481865e+01
6.084963863902198256e+01
6.109863151578571205e+01
6.167949843789970998e+01
6.041458283767154569e+01
6.168685532022906415e+01
6.116663762362527734e+01
5.979603947006549447e+01
6.148159487097452569e+01
6.087074644316599858e+01
6.040132753278987110e+01
6.047706021620182781e+01
6.190486517091178342e+01
5.988615048756757631e+01
6.174158874018801413e+01
6.083708162463526037e+01
5.980692147949218906e+01
5.941540806907596561e+01
6.029764103855625734e+01
6.020143182158781059e+01
5.900043693305666181e+01
6.133620240814617830e+01
6.049030915801674269e+01
6.073463443263037220e+01
6.147609931231646385e+01
6.105859291303736569e+01
6.131252835760171394e+01
6.124542307710150624e+01
5.967014970862770440e+01
5.946053386248291872e+01
6.133462917780131818e+01
6.048927220573204266e+01
5.989722537237044264e+01
5.893200453822046825e+01
5.956718551197720046e+01
6.032133026729509595e+01
6.084240032154103517e+01
6.105815524942874362e+01
6.054802030775638855e+01
5.963604100121418128e+01
6.019487749149031686e+01
6.047599407493064660e+01
6.007203057086662312e+01
6.117007620054560135e+01
6.074196632460031253e+01
6.114192527465063876e+01
6.044650564808008397e+01
5.986088397765127667e+01
5.947446135258481803e+01
6.007761666119041166e+01
5.964250190761568149e+01
5.946502930562562739e+01
6.109431146444050853e+01
5.933592921420399335e+01
5.998322388181424714e+01
5.965252682775800253e+01
5.969589051249047884e+01
5.962723490478182953e+01
6.057161991638426457e+01
5.913828632529217089e+01
5.840997934245694267e+01
6.018501466018494028e+01
6.106694901290587296e+01
6.072045258975687432e+01
5.963026118197899450e+01
6.067861005015695497e+01
5.894769677466609181e+01
5.802607755644832110e+01
5.970115952076896093e+01
5.963770871810416452e+01
5.850558835948282876e+01
5.871577893676489168e+01
5.924196159609913792e+01
6.085446854058462662e+01
6.054324918866061012e+01
5.883327411465599255e+01
5.978830354384756163e+01
5.983599228460065689e+01
5.941062296348168559e+01
6.036884554888870014e+01
6.008410757412443814e+01
5.779857904521846734e+01
5.762510628941613788e+01
5.758144311067282928e+01
5.798687277362498804e+01
5.930061395979001304e+01
5.899205097656636809e+01
5.904906542047359608e+01
6.002999751649173277e+01
5.806270917234716222e+01
5.881540942837511210e+01
5.931236932107351123e+01
5.831867287810637634e+01
5.754989226737475860e+01
5.844296547651757834e+01
5.928248411879713586e+01
6.019719812095608802e+01
5.810432739209852571e+01
5.808277992806461043e+01
5.784640340235657874e+01
5.809756944769083731e+01
5.899838416738587199e+01
5.849518620827628723e+01
5.862585977958305250e+01
5.819457908527013501e+01
5.984510470060999410e+01
5.935341907838089526e+01
5.729462110173042788e+01
6.004941732760698869e+01
5.826612241890565969e+01
5.897084848239352084e+01
5.900940367415407906e+01
5.977011563610465572e+01
5.747558608479742759e+01
5.780861654008771211e+01
5.852116310028927160e+01
5.805055412426091976e+01
5.873683232984150493e+01
5.826276063221646240e+01
5.869251023393895395e+01
5.934241324436847265e+01
5.723868967138437824e+01
5.887470161807656410e+01
5.777055566823870691e+01
5.974624764678809186e+01
5.780597081567420048e+01
5.798417620688212537e+01
5.957508096316733059e+01
5.812985214398101164e+01
5.865440128800403130e+01
5.789297393960573146e+01
5.769428612402416690e+01
5.773359790980425998e+01
5.724513852846099127e+01
5.824275555643350799e+01
5.809437324502429334e+01
5.908338108142365996e+01
5.691672879558204556e+01
5.715149698162773007e+01
5.720974896977433133e+01
5.961588233211772803e+01
5.854613197122304769e+01
5.789400246316551346e+01
5.756167109498749568e+01
5.789876741808301830e+01
5.785800208349309059e+01
5.885340167275630563e+01
5.701655768474199704e+01
5.796081973062212001e+01
5.672153414635151591e+01
5.739640940771353428e+01
5.604872743161978121e+01
5.808782521728096526e+01
5.622794168886167654e+01
5.592746913352294769e+01
5.757403177716084031e+01
5.662191983620717650e+01
5.716642669866099880e+01
5.708162809095490786e+01
5.801312603191675521e+01
5.806951573756427365e+01
5.733050755482761218e+01
5.794117292732340729e+01
5.759281807696627453e+01
5.910550959221341571e+01
5.629614730763979935e+01
5.607448237705052918e+01
5.839262096486184106e+01
5.897574534078833608e+01
5.558262774571737452e+01
5.676349703461271901e+01
5.721901198329221927e+01
5.752800225854841187e+01
5.854559927672485742e+01
5.638219034519451611e+01
5.834097690427915239e+01
5.584309506058097128e+01
5.755320555042582953e+01
5.670962845909762251e+01
5.758507751403556085e+01
5.576312699203321444e+01
5.543129122895636840e+01
5.779312462931908811e+01
5.551864837146790421e+01
5.729009867097420994e+01
5.596959612480323187e+01
5.671009619416987846e+01
5.748776420704957957e+01
5.662817394338180321e+01
5.751676322508001959e+01
5.620460090139365406e+01
5.583656029245007346e+01
5.662484159484682777e+01
5.809983759588024554e+01
5.572869698072100419e+01
5.755757636440805669e+01
5.574880366523581188e+01
5.551990607411885748e+01
5.731938436728424335e+01
5.585551670431425464e+01
5.677215061405554763e+01
5.598324760276810963e+01
5.545039716773312932e+01
5.680982096721240993e+01
5.576660312515603835e+01
5.671915173791747122e+01
5.598252546675715990e+01
5.621693423575052861e+01
5.435136267786722897e+01
5.710908604931351817e+01
5.507170009706170077e+01
5.672540243159934192e+01
5.637907399915684437e+01
5.576027857109068009e+01
5.605924945569300633e+01
5.608797530152537547e+01
5.633167917719126194e+01
5.616339997736866962e+01
5.574359926109114838e+01
5.417641863476031716e+01
5.599468511098982759e+01
5.488381435444966172e+01
5.595656366368874757e+01
5.663090846226056385e+01
5.524407182284705442e+01
5.598985010609322899e+01
5.513406017088016853e+01
5.535075456985286735e+01
5.630349363835129139e+01
5.517777392768860523e+01
5.564465449130220520e+01
5.670490408773606106e+01
5.612469738280888976e+01
5.502591628232161725e+01
5.540992482151652609e+01
5.670101838071216349e+01
5.716021283186429969e+01
5.542355301165017778e+01
5.469710520839082335e+01
5.519040121204448468e+01
5.587644282222574077e+01
5.519028289691372891e+01
5.656001098857918663e+01
5.617490732701756428e+01
5.570648521411590082e+01
5.582066545091267784e+01
5.469871500440966372e+01
5.477618295825559613e+01
5.663477813651805803e+01
5.669264423812878562e+01
5.614263503701271674e+01
5.605840503147400256e+01
5.537892419090348284e+01
5.601982867816848000e+01
5.617860118913191769e+01
5.618793103121163313e+01
5.459677904147966387e+01
5.572657346973392123e+01
5.587170937764778955e+01
5.596374281407396012e+01
5.504838914150593610e+01
5.642116302206777334e+01
5.601774045560924264e+01
5.526245460389154118e+01
5.406906463560866172e+01
5.522477026453389470e+01
5.573775508763120712e+01
5.527528591726048290e+01
5.535580496412141116e+01
5.494886445082457271e+01
5.553693858801469219e+01
5.510809355656176933e+01
5.593118984535023230e+01
5.597780281837705019e+01
5.573651733901424166e+01
5.583347575918864436e+01
5.536918131097209539e+01
5.566019226717261859e+01
5.506761164978664169e+01
5.614428372958563784e+01
5.583850634094839194e+01
5.510626839284718415e+01
5.518996035662363653e+01
5.599465259782053295e+01
5.471240499762794229e+01
5.512497204291683062e+01
5.466008480641876588e+01
5.495406825895594949e+01
5.625545949384748212e+01
5.628989949721731278e+01
5.418550655760125068e+01
5.465494913137040811e+01
5.405395406292829108e+01
5.473954624837858773e+01
5.646881257919709185e+01
5.501154805004468784e+01
5.497463839191669877e+01
5.358028322196012994e+01
5.560252541055238140e+01
5.494651416478042449e+01
5.579117963900292665e+01
5.421466688540238010e+01
5.651010496960617502e+01
5.473900456833361972e+01
5.532411020905653487e+01
5.497378408151593732e+01
5.614708035885132631e+01
5.562242727041454060e+01
5.427706387490266593e+01
5.531152693408597543e+01
5.482237126918222714e+01
5.597740931041389700e+01
5.441544781504663320e+01
5.583853883290227316e+01
5.504154627977251124e+01
5.491226155128089914e+01
5.392155044182678125e+01
5.486226404935318612e+01
5.462255881455023854e+01
5.464278922959687890e+01
5.586353094852856316e+01
5.556379095707413995e+01
5.576261545066295611e+01
5.574258201353736553e+01
5.383242029888349833e+01
5.555313241791027679e+01
5.503194664104997003e+01
5.592670797600100485e+01
5.386367578326404271e+01
5.450090111752229660e+01
5.614278795027908586e+01
5.531278286251689025e+01
5.436758674585650652e+01
5.481857304104472206e+01
5.478139119803444146e+01
5.640402157552422580e+01
5.470187300768367322e+01
5.574012469970785588e+01
5.475648508251126856e+01
5.568466196761814757e+01
5.423908991109529865e+01
5.520913673742897032e+01
5.529623258373440819e+01
5.424514179468808805e+01
5.441546938752601648e+01
5.480839711035820727e+01
5.468816670227305110e+01
5.410617067559617510e+01
5.420939880708731096e+01
5.595508368487541873e+01
5.498951557598419271e+01
5.586646613305396158e+01
5.412089665643203773e+01
5.523455335521241949e+01
5.542480721459997994e+01
5.399595578060022660e+01
5.544454335515041521e+01
5.504407779489331176e+01
5.574779558622429221e+01
5.382038577164442472e+01
5.461629984477547595e+01
5.531065155898740215e+01
5.430572617585454509e+01
5.465060663088497250e+01
5.577294798155604383e+01
5.509308178160279112e+01
5.496231755571402289e+01
5.373266466677161901e+01
5.570604951587085907e+01
5.578996150697336986e+01
5.462153511820390150e+01
5.630814564130648847e+01
5.492656353030032079e+01
5.435160338326640073e+01
5.440694321974925884e+01
5.448694896379922170e+01
5.590559616176081192e+01
5.474261080225856801e+01
5.453298151952279227e+01
5.418432617203633583e+01
5.427648359170545689e+01
5.598105208526620657e+01
5.419831621258173726e+01
5.519610805912709139e+01
5.560050162922706107e+01
5.579330905921599282e+01
5.476793747396559553e+01
5.468172735892570557e+01
5.504171585986731685e+01
5.460779117642405112e+01
5.470068947557273731e+01
5.376378972961163072e+01
5.466627160233528571e+01
5.497875579753208086e+01
5.448679736707989463e+01
5.332833594151283307e+01
5.476705680680004917e+01
5.478342745519241674e+01
5.556964601153242000e+01
5.479413824194759997e+01
5.447979936238853327e+01
5.447229729676135435e+01
5.520140206675888095e+01
5.492311167867266875e+01
5.592998828011406687e+01
5.389250001483738828e+01
5.464143133215360137e+01
5.436100836886981824e+01
5.460408648590026814e+01
5.461774547837342908e+01
5.353759207010234178e+01
5.390208818203923613e+01
5.353649853144630555e+01
5.373736128312580007e+01
5.415843561309932852e+01
5.458262643567645966e+01
5.422172709545527169e+01
5.579897315138573788e+01
5.523961204558255389e+01
5.533505613927559352e+01
5.500567455562994468e+01
5.419875374295178005e+01
5.567370431208481563e+01
5.374709070698373381e+01
5.340551044106501877e+01
5.459661747947056654e+01
5.433590040328723347e+01
5.483015815634226442e+01
5.410421530752282138e+01
5.410467185227687281e+01
5.473358945443550283e+01
5.398260298404064628e+01
5.419602841188776665e+01
5.431459682948385392e+01
5.487116791339531119e+01
5.286298236853172483e+01
5.506391448060374927e+01
5.360097846083962025e+01
5.494927884149816322e+01
5.548205645186773438e+01
5.475297082062508025e+01
5.416777307883775450e+01
5.392302195916803953e+01
5.419722403312947279e+01
5.355266177209311707e+01
5.436108625233783442e+01
5.445872320902575581e+01
5.433308264859125103e+01
5.473039150037320155e+01
5.359418789952009377e+01
5.499922131619314314e+01
5.540821938083918496e+01
5.493814137530854680e+01
5.351704091614369929e+01
5.542246246478462979e+01
5.444507202308745519e+01
5.398020238356732392e+01
5.443606951189700993e+01
5.398451346110130800e+01
5.383706239146635397e+01
5.478910629073046579e+01
5.522004456536753025e+01
5.487244042382502585e+01
5.501652514206303834e+01
5.377500868579048188e+01
5.487681000041507673e+01
5.418147643604160635e+01
5.450934961054021244e+01
5.319894994419436074e+01
5.499003234673043039e+01
5.501033398769971683e+01
5.368117254873374833e+01
5.556107156107278655e+01
5.385542843954387138e+01
5.492989304336602174e+01
5.417116072179283037e+01
5.531091599015029914e+01
5.467341450050314222e+01
5.474076987303422470e+01
5.484853983384920184e+01
5.418613709521801525e+01
5.476652493177111580e+01
5.469393346369861320e+01
5.373882681681347862e+01
5.561669537373394689e+01
5.402969422630157226e+01
5.490970319193170468e+01
5.532694931469393396e+01
5.433896492658990240e+01
5.491676377186145430e+01
5.500827121237854556e+01
5.453094770801627789e+01
5.473405995024196358e+01
5.432253944378872035e+01
5.440592521155280537e+01
5.594407270051182479e+01
5.439241901269995338e+01
5.313090805754289647e+01
5.549004204063590606e+01
5.467473206555169440e+01
5.426891113976697056e+01
5.366079579237538155e+01
5.459535830109774679e+01
5.384374311448423356e+01
5.431739460821820131e+01
5.507508334544220219e+01
5.512488180986557751e+01
5.451964388656239180e+01
5.432962250010075422e+01
5.344915657162562894e+01
5.469966090160609440e+01
5.473157330309317103e+01
5.427269842986508053e+01
5.351115285939264510e+01
5.309867602864407843e+01
5.438215302559238040e+01
5.380825991329025015e+01
5.439008834276753390e+01
5.414421839473450149e+01
5.470011071073584930e+01
5.419695272711465606e+01
5.456780071476545402e+01
5.425217543923368169e+01
5.347706079929389489e+01
5.566104633001273072e+01
5.459254559946998597e+01
5.349021539258585278e+01
5.424159983265838747e+01
5.233718559473589949e+01
5.389935241406962518e+01
5.363305068293605160e+01
5.344492666125862002e+01
5.361262764664277825e+01
5.326849935080319653e+01
5.504884803153510830e+01
5.435092535415710557e+01
5.443366914925239541e+01
5.557332093572156140e+01
5.326987552481267585e+01
5.284063582414479754e+01
5.466033725763846007e+01
5.339274227808177642e+01
5.436155339167716960e+01
5.429627187710359237e+01
5.432716202717236342e+01
5.394624529223609244e+01
5.387948155283847029e+01
5.523439997068796004e+01
5.580794354896136156e+01
5.305038592376594409e+01
5.451474929403949687e+01
5.400696809735985937e+01
5.484096268422107556e+01
5.419040475187864558e+01
5.434920900401375832e+01
5.345638564727639874e+01
5.289779555400661337e+01
5.455617481612745934e+01
5.375030682378032054e+01
5.262088647367103533e+01
5.397121662981302848e+01
5.459087448241067619e+01
5.458813977234840564e+01
5.417233900708521332e+01
5.320198385351095283e+01
5.419110963400910208e+01
5.444300042719810762e+01
5.382634403192326289e+01
5.425245149113823118e+01
5.414417082338751186e+01
5.412912010864967272e+01
5.439387505525441924e+01
5.477002743973415733e+01
5.391110034409187080e+01
5.452222462551111448e+01
5.392288203165123406e+01
5.406694873724632089e+01
5.343533041403196648e+01
5.347910739140435510e+01
5.417119849302665102e+01
5.364549184269879589e+01
5.412005552235761741e+01
5.447906683236107739e+01
5.347640024332945075e+01
5.457586120053919387e+01
5.333494215564716967e+01
5.317083618378437393e+01
5.431490865092187192e+01
5.349435746468899566e+01
5.358813051399162930e+01
5.436686862200456005e+01
5.402984694270841004e+01
5.448829379968946540e+01
5.332030125339416315e+01
5.517402950294395225e+01
5.373344981000310128e+01
5.446838046294440971e+01
5.371602442559760249e+01
5.314983154148575295e+01
5.459651778765216079e+01
5.331409343032532888e+01
5.354400221530148229e+01
5.478797368383718691e+01
5.389737460408783676e+01
5.480029605643183288e+01
5.323559733676700745e+01
5.506436964782951549e+01
5.277330157974188296e+01
5.427992547485874297e+01
5.457767876479805125e+01
5.473264577276768961e+01
5.295998456544794664e+01
5.400060556323721528e+01
5.289615375337099579e+01
5.331855681708886152e+01
5.341408576850569290e+01
5.356673207752213983e+01
5.308235937319987841e+01
5.291840479032308053e+01
5.487908170495306592e+01
5.204804414126135725e+01
5.479800756697560615e+01
5.488021723444738598e+01
5.518438079269164120e+01
5.330971664414820310e+01
5.323535244807059996e+01
5.367947083558664900e+01
5.334454248925950992e+01
5.348376974265335093e+01
5.440275850253031820e+01
5.455946579027884269e+01
5.261230127777830745e+01
5.487856063360118952e+01
5.265931840288028809e+01
5.388337995404047831e+01
5.434645479685357827e+01
5.389806927282590721e+01
5.367114441171406725e+01
5.478115501885231708e+01
5.383214208214597107e+01
5.450103934730083211e+01
5.311668424002200339e+01
5.381773275618579078e+01
5.488712176382480123e+01
5.417797737977153361e+01
5.411223553716128265e+01
5.303719673434466131e+01
5.414402871967366337e+01
5.399351918941695061e+01
5.357193772949642607e+01
5.430894036561989680e+01
5.418108155274304494e+01
5.360112108819699728e+01
5.218681825987408018e+01
5.385159241959551935e+01
5.375626009515081449e+01
5.421593219128030228e+01
5.335861478531911217e+01
5.388247119643957461e+01
5.308653697558558804e+01
5.305483321279724862e+01
5.439015030424798169e+01
5.354727636206754227e+01
5.399493214710448541e+01
5.314739322698117974e+01
5.321747874859532601e+01
5.306235441341180348e+01
5.529321075301881905e+01
5.373283784896773341e+01
5.345098280178265071e+01
5.395625565100235121e+01
5.452996637001808011e+01
5.303799888203558766e+01
5.400718039269590065e+01
5.461522196837317011e+01
5.350363629493623563e+01
5.337346491231713230e+01
5.402927628072203703e+01
5.206655875656643673e+01
5.424739951132892912e+01
5.265017518757498749e+01
5.266327567847130098e+01
5.376672736904779981e+01
5.254971159931537983e+01
5.436298379127003955e+01
5.394933505421629150e+01
5.362249677226553501e+01
5.415713681251059342e+01
5.464970588034857002e+01
5.471820790793825040e+01
5.405844710984023038e+01
5.300483429903935928e+01
5.364898085389928895e+01
5.334407263498149376e+01
5.307086287796918356e+01
5.503708729516349507e+01
5.302690053390224278e+01
5.503553226732365289e+01
5.343740502196669695e+01
5.335484019487098095e+01
5.382610472333600171e+01
5.356852481094116314e+01
5.271907852905400205e+01
5.350247730869649132e+01
5.365967382856886303e+01
5.375126168968701279e+01
5.430326259502421493e+01
5.329560758459166436e+01
5.502155058923041508e+01
5.361778378055240069e+01
5.366170686716352378e+01
5.342192239600539949e+01
5.407564177751692114e+01
5.428188331559456969e+01
5.374311318206157040e+01
5.399464567651541103e+01
5.242870162737783346e+01
5.447065495151254311e+01
5.464677176197940156e+01
5.179424148399033356e+01
5.440573854553014144e+01
5.517667641615870622e+01
5.455176907969610767e+01
5.342633407299526027e+01
5.312036152406166423e+01
5.408661551456905414e+01
5.315028164947830192e+01
5.424857659292440815e+01
5.322499724417910016e+01
5.346034513961001977e+01
5.411326897280945758e+01
5.407488153393219932e+01
5.351754665178525272e+01
5.328726238223810441e+01
5.274917522633675304e+01
5.497436117792926069e+01
5.394617331474044875e+01
5.430522302239592847e+01
5.367618060352558729e+01
5.411471817005125473e+01
5.317025645081346852e+01
5.474936055817524050e+01
5.411554058065033246e+01
5.300478092843235345e+01
5.308091352790459183e+01
5.352858598359561171e+01
5.273612545021761377e+01
5.493700870785629320e+01
5.332720950068486587e+01
5.342716922372499511e+01
5.265912145539321898e+01
5.413251657416670071e+01
5.377899019157233340e+01
5.410744455019706578e+01
5.185858928772785248e+01
5.443946697363365672e+01
5.261704261638717384e+01
5.495235849107316994e+01
5.390447014313250662e+01
5.409286127253211873e+01
5.330881137563942929e+01
5.349486673124953029e+01
5.450999169291089430e+01
5.203556373807502666e+01
5.453539644702333788e+01
5.375898896793402315e+01
5.402542009651578780e+01
5.435509255068486567e+01
5.423245407215556213e+01
5.389018803433620519e+01
5.216777327287261556e+01
5.311828694783292093e+01
5.251595409233496525e+01
5.503725748673921458e+01
5.327623370592360885e+01
5.339015765783733514e+01
5.349430491756720585e+01
5.319045468748299044e+01
5.339972432668619717e+01
5.395955651585432378e+01
5.262632441996522914e+01
5.376177592663331239e+01
5.298646658277306898e+01
5.306858495012882315e+01
5.340491985619640047e+01
5.365412230938947147e+01
5.353991288389786973e+01
5.297484636063932584e+01
5.376338287652399117e+01
5.303699007441885982e+01
5.474379245423968854e+01
5.406664393493629461e+01
5.273216367115516334e+01
5.340742722350435656e+01
5.427847749497711050e+01
5.439106652388996821e+01
5.361181901543819350e+01
5.310078700013580999e+01
5.422016370618676717e+01
5.287991088107695248e+01
5.362888996626865179e+01
5.418747697811650710e+01
5.241574158990441390e+01
5.357497794808485736e+01
5.361211348832259915e+01
5.294517853050913203e+01
5.222952466693430296e+01
5.329676254049805095e+01
5.347015253426112480e+01
5.377911600422699223e+01
5.323474455829477137e+01
5.346048226757548605e+01
5.319775054018748506e+01
5.443334642878620144e+01
5.347534447019682347e+01
5.374400344037660915e+01
5.491919899543651695e+01
5.330010108208294639e+01
5.324711673891487607e+01
5.287309983840676608e+01
5.288845066548671525e+01
5.370564386839676985e+01
5.397543851691601446e+01
5.308502697064879072e+01
5.355776783590589929e+01
5.419435398223897948e+01
5.297799383560482056e+01
5.193363717258453960e+01
5.387835138611299612e+01
5.391663475995751753e+01
5.343539942639704776e+01
5.389058199897462487e+01
5.398412696431132218e+01
5.370531923225239268e+01
5.404804141144052210e+01
5.308366126222988868e+01
5.166520657329924404e+01
5.203053641287236530e+01
5.392092949645849842e+01
5.443315386302840153e+01
5.490641136892230634e+01
5.310388660477951817e+01
5.428062681677388213e+01
5.309958439031431965e+01
5.342019998445952211e+01
5.376977112037932471e+01
5.245424153287857649e+01
5.334204514100400729e+01
5.401615930696458889e+01
5.321638526521132917e+01
5.338553253421397926e+01
5.383496221223811062e+01
5.324287491565817021e+01
5.355315969245464913e+01
5.331366432889210927e+01
5.361956573223587696e+01
5.417036592882753610e+01
5.362845478677334654e+01
5.171717589200638088e+01
5.280769351005209700e+01
5.274870397948610190e+01
5.303800841945493971e+01
5.276337250194819006e+01
5.314138686747867268e+01
5.388817352466240607e+01
5.333226479577672308e+01
5.378765304443446382e+01
5.380043338246693452e+01
5.174159743273170164e+01
5.351316815834609741e+01
5.306241871727029036e+01
5.332334398867109826e+01
5.362534648426201045e+01
5.249128782527895254e+01
5.382846667792873063e+01
5.408390809225515028e+01
5.250658978625658335e+01
5.386880317144387931e+01
5.306743048742350766e+01
5.318388032009096378e+01
5.332171176044533922e+01
5.258073029575727730e+01
5.348006629707634829e+01
5.388739962335108657e+01
5.286653534142315181e+01
5.282257931307415078e+01
5.342865910301327403e+01
5.369002445558692926e+01
5.419228078016723771e+01
5.383423664372789830e+01
5.262218173915350405e+01
5.310620827888383388e+01
5.385515620581537632e+01
5.432287744547463149e+01
5.256800862650004547e+01
5.299540679457078340e+01
5.335226519764027842e+01
5.178153813883231038e+01
5.310849840358404350e+01
5.230081200941862107e+01
5.320468973878112706e+01
5.296553334088859089e+01
5.381486253311543777e+01
5.343463686101690513e+01
5.369329338737159674e+01
5.375451548294120130e+01
5.282027007085977033e+01
5.353499627336670841e+01
5.278785795814939519e+01
5.341339706181994984e+01
5.379791922317659925e+01
5.305748991786349222e+01
5.222487291231394124e+01
5.298909227503290253e+01
5.203664983035213965e+01
5.319074613890133207e+01
5.165274069432819459e+01
5.233594964581393327e+01
5.251215951587385433e+01
5.327460332864938408e+01
5.448810514096471991e+01
5.288560726855990879e+01
5.232184570581739536e+01
5.319550859942508936e+01
5.245556345687956679e+01
5.413839376742254217e+01
5.292265187814292204e+01
5.296892382426755574e+01
5.399904824054002717e+01
5.220709715284579033e+01
5.272014815992813652e+01
5.277405994784815135e+01
5.295555531975660557e+01
5.283434794187144234e+01
5.482908983436853134e+01
5.463004775437563865e+01
5.283323691497502494e+01
5.204414441924443935e+01
5.276614048627280340e+01
5.246394982810419094e+01
5.168338420922062681e+01
5.351049260479133807e+01
5.251615083679599394e+01
5.330273109158260780e+01
5.277289860312054515e+01
5.276448649205720898e+01
5.391846782291894868e+01
5.213275079705796600e+01
5.259504970863532947e+01
5.193445505676866958e+01
5.213871846896006446e+01
5.245012288957241964e+01
5.363988534715005585e+01
5.449199889179780598e+01
5.157184332668487770e+01
5.253874803442545982e+01
5.281324332408965461e+01
5.439706342409236584e+01
5.365351917444694152e+01
5.312915966093343201e+01
5.371357435785252932e+01
5.313789946567766265e+01
5.260922948141419653e+01
5.367443902015880752e+01
5.424499464832628348e+01
5.243310909057327507e+01
5.190436105785786935e+01
5.231951301836638635e+01
5.232650441940042896e+01
5.342200946351777446e+01
5.286766773811542919e+01
5.402029858610158186e+01
5.259547932182708507e+01
5.444318992244721755e+01
5.157595703619872296e+01
5.321909851082057941e+01
5.345336364764246184e+01
5.353172367662559594e+01
5.349732642772005420e+01
5.223342215021911272e+01
5.306769419384291808e+01
5.305616770982580022e+01
5.387160350075271253e+01
5.231164897775113332e+01
5.377009650775380578e+01
5.248626008081017602e+01
5.362629531030432162e+01
5.304840854043073506e+01
5.360106001215496718e+01
5.338003271876230826e+01
5.374367188753341651e+01
5.303563752172001244e+01
5.348352002958764473e+01
5.269117193501309515e+01
5.178559577002112491e+01
5.356567228567144667e+01
5.315586779105898074e+01
5.336675232600612162e+01
5.366147932479347560e+01
5.223705293565073049e+01
5.362031854260578001e+01
5.376633600175683370e+01
5.377015098625216183e+01
5.169702574395688544e+01
5.215987517214716007e+01
5.362439628016825566e+01
5.397907956435067689e+01
5.269158450790057202e+01
5.253878571691995347e+01
5.314862833345914339e+01
5.253367987452469379e+01
5.208415161478137634e+01
5.282939327110539551e+01
5.291812317478441940e+01
5.391752606243010604e+01
5.325092372490216519e+01
5.243672295377593429e+01
5.311510446294629872e+01
5.183950475115700129e+01
5.293656830997978346e+01
5.242758580098898591e+01
5.344572744858412960e+01
5.353958281012290144e+01
5.248701594469041254e+01
5.421990900018920456e+01
5.377011340624339653e+01
5.328171592634915044e+01
5.321494583575185544e+01
5.177247459063057988e+01
5.404061150287725468e+01
5.218493246789515183e+01
5.305967632372708920e+01
5.246466469108237618e+01
5.304861972229620193e+01
5.221137678518402225e+01
5.323135012924090859e+01
5.246174039465769567e+01
5.138613448842244225e+01
5.320710150013810136e+01
5.385099024290095571e+01
5.371669245617369626e+01
5.350372335319075745e+01
5.316513341563780415e+01
5.211262445344893735e+01
5.293119045406587020e+01
5.384084394638302484e+01
5.131734131778262054e+01
5.226463891478850599e+01
5.279499188365941365e+01
5.283554142655977159e+01
5.302131830559194015e+01
5.228727376792242865e+01
5.259757783725389402e+01
5.332435049561694029e+01
5.290092517272577055e+01
5.301072160695475333e+01
5.343416892403600116e+01
5.374248853309783414e+01
5.239244462889571707e+01
5.301275941900970423e+01
5.226097762054548213e+01
5.208457540461141377e+01
5.188129373757146823e+01
5.220175401934113779e+01
5.182224558954467142e+01
5.186906690959137478e+01
5.325544297550391093e+01
5.243394615251951763e+01
5.318523313013435683e+01
5.282431552648954920e+01
5.309483046940918172e+01
5.105042093640898315e+01
5.242824564697618683e+01
5.289158330087118287e+01
5.350918687584253064e+01
5.221989581115514056e+01
5.275039595804129533e+01
5.295587540016421713e+01
5.308184262539958809e+01
5.427929575783958427e+01
5.383256364686293693e+01
5.288679383016434343e+01
5.268714959003401077e+01
5.147635337744437578e+01
5.278464792277169693e+01
5.238246801988762513e+01
5.382785008021249951e+01
5.241136279181393576e+01
5.417388213762864524e+01
5.288785752765700465e+01
5.325383495587659155e+01
5.325635347924475127e+01
5.279094923927178229e+01
5.380978777632279275e+01
5.323070177481900345e+01
5.252565121706009421e+01
5.365003948480955387e+01
5.231797703364879482e+01
5.256365639832716141e+01
5.330290840966594601e+01
5.266206905985239217e+01
5.342252175123806524e+01
5.357835592880638131e+01
5.414060336608125112e+01
5.290391666532162418e+01
5.221353591409310013e+01
5.323323914522872258e+01
5.307280493177669456e+01
5.427223990882743720e+01
5.296624273276599126e+01
5.231776212694433070e+01
5.279364674259415580e+01
5.250738036782764340e+01
5.246768787976299819e+01
5.365970548222099978e+01
5.381681907950127197e+01
5.224785181746108975e+01
5.229538938533989523e+01
5.269024544896564777e+01
5.322404881520904496e+01
5.311757646672388233e+01
5.345866273070692642e+01
5.364368607215428142e+01
5.302162930296339738e+01
5.237727469139522896e+01
5.371375604769477974e+01
5.261065010086384319e+01
5.297187898316742150e+01
5.314348290034540412e+01
5.248850528489636957e+01
5.286009975685536233e+01
5.329777134260099558e+01
5.279773864458066157e+01
5.334732073973589195e+01
5.203618050102767967e+01
5.130300094784849563e+01
5.290982309049353205e+01
5.140584912310846732e+01
5.321880247698803146e+01
5.230698062849591423e+01
5.272776342601964217e+01
5.307337575533111362e+01
5.139321628404900366e+01
5.331384487417841456e+01
5.234269866591189668e+01
5.177772958000988268e+01
5.223362944000693631e+01
5.175799653623622021e+01
5.227696478692671889e+01
5.275671838557876470e+01
5.284281236869379939e+01
5.278210417463579063e+01
5.315478735363873142e+01
5.305763559509367155e+01
5.206868739550745318e+01
5.201357823366253541e+01
5.332109789207022033e+01
5.248574242717892702e+01
5.243869147989180846e+01
5.278796884602397910e+01
5.179532590424675931e+01
5.150647751104457939e+01
5.245620302755843767e+01
5.250813473780204532e+01
5.258579538572192291e+01
5.374521155241772163e+01
5.377555977054478120e+01
5.159954099469261735e+01
5.141874857177773350e+01
5.210543155848372976e+01
5.354127093628363809e+01
5.238118085495106868e+01
5.378923181563222045e+01
5.288168125122585650e+01
5.215829921948895276e+01
5.236149375892403413e+01
5.198052697167118197e+01
5.161534490091287353e+01
5.339177327870801548e+01
5.328750884259207510e+01
5.350861024652975573e+01
5.291738626049246363e+01
5.326698840159028236e+01
5.302410044052942339e+01
5.264532687270683198e+01
5.332373833816419761e+01
5.106734192714422704e+01
5.330111610584011572e+01
5.262589346505610877e+01
5.290041102417654884e+01
5.206896563238723985e+01
5.374154563434562704e+01
5.157244949855893168e+01
5.428325011775012854e+01
5.274489116838380909e+01
5.264548088436272621e+01
5.180525337165238398e+01
5.162415449236157627e+01
5.316879630216393338e+01
5.299012601421831903e+01
5.347186463958863811e+01
5.308841767808876000e+01
5.328804487596156747e+01
5.317621717639072187e+01
5.204473605729290853e+01
5.355097956530538994e+01
5.239806773950330410e+01
5.383177846607522099e+01
5.320753582569643214e+01
5.239233619183795554e+01
5.232634938226010490e+01
5.266656715898096053e+01
5.224016266633304895e+01
5.295784699684088537e+01
5.191139414494463722e+01
5.074184269549890303e+01
5.233094264093885073e+01
5.248873979911365240e+01
5.269269761684356723e+01
5.262884969879985420e+01
5.260556771442401924e+01
5.350494931658668207e+01
5.276139310770630431e+01
5.173469808834365580e+01
5.300448652467391497e+01
5.227884403492447518e+01
5.241680673623302766e+01
5.290883500237899284e+01
5.172592982428723474e+01
5.227465527109921339e+01
5.219301746324201474e+01
5.268607467300605407e+01
5.193997555006041722e+01
5.251861738107787403e+01
5.170159527364292273e+01
5.152989982924025725e+01
5.218110160494677530e+01
5.177958582863331571e+01
5.187198549943489922e+01
5.205254037459672389e+01
5.278286446791052100e+01
5.214354227046159451e+01
5.272011876089823801e+01
5.292346616424327976e+01
5.333657668372213578e+01
5.183483366203515175e+01
5.236160641251301939e+01
5.331523350052910359e+01
5.211987876954952270e+01
5.315107285185418107e+01
5.249064543599958910e+01
5.252379285554295052e+01
5.239440155450125758e+01
5.249855666194353176e+01
5.407829534081934497e+01
5.208845423010580333e+01
5.286538036549959685e+01
5.318128004731937608e+01
5.314297802353263478e+01
5.249275046269445255e+01
5.213042506966843348e+01
5.273806972668223381e+01
5.080774801592188794e+01
5.282018763863774069e+01
5.177460342366866541e+01
5.366438363184158078e+01
5.285455161954982373e+01
5.166581387826422400e+01
5.313026691876449803e+01
5.166176350650308535e+01
5.292921180470319342e+01
5.295332586984933698e+01
5.303649276049539907e+01
5.289865476050128024e+01
5.199806441436302862e+01
5.226685969773492246e+01
5.213891982455123753e+01
5.306369013331755013e+01
5.113450285086454983e+01
5.351006696533963236e+01
5.347834470443513055e+01
5.306996317015584452e+01
5.304587614558574415e+01
5.228808464806250100e+01
5.261626974285777436e+01
5.355578500466872782e+01
5.198955392572417367e+01
5.200833592217794887e+01
5.359795033017574895e+01
5.148989147557745838e+01
5.296682586208979160e+01
5.129478849261167284e+01
5.246488915408703235e+01
5.271604670315238650e+01
5.281025367504891221e+01
5.304139263805208770e+01
5.286034725244883248e+01
5.285109418315404639e+01
5.140325086396615717e+01
5.277096940294102012e+01
5.241668880176053591e+01
5.327734170636189504e+01
5.121327304206824493e+01
5.263522305320655192e+01
5.326103636376424788e+01
5.144396247747723550e+01
5.217154550849030414e+01
5.180375921765353553e+01
5.257156624530897915e+01
5.265212619544662687e+01
5.165841835031898199e+01
5.177442260263548945e+01
5.349374569042744554e+01
5.307746551126832202e+01
5.313988381912390935e+01
5.309025766683475922e+01
5.235935778594414103e+01
5.211764325415715149e+01
5.317602973460257232e+01
5.221449136732053375e+01
5.251622236714082703e+01
5.231345072255689388e+01
5.020896838369447579e+01
5.302552076997990582e+01
5.248813744431004125e+01
5.193648591355783140e+01
5.263291345053550430e+01
5.287323765470532067e+01
5.117676996666477862e+01
5.290082854030634962e+01
5.125098807865097683e+01
5.206389453589105187e+01
5.174615946131239497e+01
5.198864257540395784e+01
5.313242488241632344e+01
5.318755083047112464e+01
5.222034137745061599e+01
5.128985090575259420e+01
5.211375170599383466e+01
5.269818359279744868e+01
5.253960954690001017e+01
5.244655565236276118e+01
5.260241299613578292e+01
5.223399977457356158e+01
