
### Test(final_rate_model) Result
### Episode 001/030
Stage1
[[88.82232 83.39528 81.9993  76.09659 77.93931 85.47684 83.89972 78.31502 75.7743  86.32391 74.65789 77.72065 88.36534 87.3066  82.97806]
 [72.96594 75.64136 70.70638 76.16757 84.9614  88.88205 74.65752 81.03475 82.87895 86.6064  83.60301 73.92185 75.4412  83.18643 88.85499]]
Final rate: 64.066/69.874	  Sum rate: 48.514	Explore: 2.00	Location: [11.73224  7.31977] → [60.10734 79.78178] ([80.88139 79.17985])
(42.79   1.627)		(53.59   0.992)		(75.08   1.083)		(66.05   1.056)		(64.09   1.055)		
(63.47   1.055)		(62.96   1.056)		(62.43   1.056)		(61.91   1.056)		(61.41   1.056)		
(60.93   1.056)		(60.46   1.055)		(60.01   1.055)		(59.57   1.055)		(59.16   1.055)		
(58.76   1.054)		(58.37   1.054)		(57.99   1.055)		(57.63   1.055)		(57.29   1.055)		
(56.98   1.055)		(56.68   1.055)		(56.41   1.055)		(56.16   1.055)		(55.93   1.055)		
(55.72   1.055)		(55.52   1.054)		(55.34   1.054)		(55.16   1.054)		(55.01   1.053)		
(54.87   1.053)		(54.73   1.053)		(54.61   1.052)		(54.49   1.052)		(54.38   1.051)		
(54.27   1.051)		(54.16   1.050)		(54.05   1.049)		(53.94   1.048)		(53.83   1.048)		
(53.71   1.047)		(53.60   1.046)		(53.49   1.045)		(53.38   1.044)		(53.27   1.043)		
(53.16   1.043)		(53.06   1.042)		(52.97   1.041)		(52.90   1.040)		(52.82   1.039)		
(52.75   1.038)		(52.69   1.038)		(52.63   1.037)		(52.59   1.037)		(52.56   1.037)		
(52.52   1.037)		(52.49   1.037)		(52.47   1.037)		(52.44   1.037)		(52.42   1.037)		
(52.41   1.037)		(52.40   1.037)		(52.39   1.037)		(52.39   1.037)		(52.39   1.037)		
(52.38   1.037)		(52.39   1.037)		(52.39   1.037)		(52.40   1.038)		(52.41   1.038)		
(52.43   1.038)		(52.45   1.038)		(52.47   1.038)		(52.51   1.038)		(52.55   1.038)		
(52.61   1.038)		(52.67   1.038)		(52.75   1.038)		(52.85   1.038)		(52.96   1.039)		
(53.16   1.039)		(56.57   1.050)		(63.52   1.068)		(72.49   1.075)		(116.10  1.079)		

### Episode 002/030
Stage1
[[74.99982 86.92178 84.70401 72.71841 89.09944 79.07545 88.21516 85.71671 71.41954 77.98257 80.69569 71.96913 70.38034 76.41502 81.92575]
 [70.22156 82.88004 71.48914 86.34968 80.51482 72.62232 83.59811 72.2956  76.21252 70.06199 87.33419 71.79787 71.89727 81.4842  85.39393]]
Final rate: 66.048/69.537	  Sum rate: 51.080	Explore: 2.00	Location: [ 9.8294  11.08306] → [63.2076  80.96716] ([78.20247 76.91151])
(149.07  1.143)		(46.82   1.645)		(45.97   1.060)		(49.98   1.042)		(50.63   1.041)		
(50.26   1.039)		(50.04   1.038)		(49.83   1.038)		(49.63   1.037)		(49.44   1.037)		
(49.27   1.037)		(49.10   1.037)		(48.94   1.037)		(48.79   1.038)		(48.66   1.038)		
(48.56   1.038)		(48.46   1.039)		(48.39   1.039)		(48.32   1.039)		(48.27   1.040)		
(48.23   1.040)		(48.21   1.040)		(48.19   1.041)		(48.19   1.041)		(48.20   1.042)		
(48.21   1.042)		(48.24   1.043)		(48.27   1.043)		(48.30   1.044)		(48.35   1.044)		
(48.39   1.045)		(48.45   1.045)		(48.50   1.046)		(48.56   1.046)		(48.63   1.047)		
(48.69   1.047)		(48.75   1.047)		(48.82   1.048)		(48.88   1.048)		(48.95   1.048)		
(49.03   1.049)		(49.10   1.049)		(49.16   1.049)		(49.23   1.050)		(49.30   1.050)		
(49.35   1.050)		(49.41   1.050)		(49.48   1.052)		(49.54   1.053)		(49.60   1.055)		
(49.66   1.057)		(49.72   1.058)		(49.78   1.060)		(49.84   1.061)		(49.89   1.062)		
(49.92   1.063)		(49.94   1.064)		(49.96   1.064)		(49.96   1.065)		(49.95   1.065)		
(49.95   1.065)		(49.94   1.065)		(49.92   1.065)		(49.91   1.065)		(49.90   1.065)		
(49.89   1.065)		(49.86   1.065)		(49.80   1.065)		(49.62   1.064)		(49.01   1.063)		
(47.44   1.060)		(45.02   1.055)		(43.54   1.052)		(43.23   1.050)		(43.50   1.048)		
(45.78   1.055)		(50.31   1.093)		(61.56   1.125)		(83.73   1.168)		(120.02  1.211)		
(44.91   1.744)		(76.86   1.192)		(111.14  1.414)		(76.25   1.683)		(140.96  1.388)		

### Episode 003/030
Stage1
[[73.17642 72.09451 89.98043 80.71495 71.12462 83.71992 79.21151 74.64609 83.74229 70.09322 71.0928  80.15364 73.00228 85.23745 70.49918]
 [85.73569 83.34841 75.88788 81.18838 70.16244 72.63331 74.96346 73.61187 77.60303 84.70503 73.48448 88.44101 89.35308 79.49166 88.27041]]
Final rate: 68.442/69.566	  Sum rate: 51.420	Explore: 2.00	Location: [10.96962  9.95623] → [69.53879 75.04247] ([76.66557 78.78163])
(26.36   1.156)		(50.08   1.048)		(53.10   1.103)		(49.53   1.078)		(49.33   1.079)		
(49.00   1.078)		(48.68   1.077)		(48.38   1.076)		(48.09   1.076)		(47.82   1.075)		
(47.56   1.074)		(47.32   1.073)		(47.10   1.073)		(46.89   1.072)		(46.69   1.071)		
(46.51   1.071)		(46.34   1.070)		(46.18   1.069)		(46.04   1.069)		(45.91   1.068)		
(45.79   1.068)		(45.69   1.068)		(45.60   1.067)		(45.52   1.067)		(45.45   1.066)		
(45.38   1.066)		(45.32   1.066)		(45.26   1.066)		(45.21   1.065)		(45.16   1.065)		
(45.11   1.065)		(45.07   1.065)		(45.03   1.065)		(44.99   1.064)		(44.96   1.064)		
(44.93   1.064)		(44.90   1.064)		(44.87   1.064)		(44.84   1.064)		(44.82   1.063)		
(44.79   1.063)		(44.77   1.063)		(44.75   1.063)		(44.72   1.063)		(44.70   1.063)		
(44.68   1.063)		(44.66   1.063)		(44.64   1.063)		(44.62   1.063)		(44.61   1.063)		
(44.59   1.063)		(44.58   1.063)		(44.57   1.063)		(44.56   1.063)		(44.56   1.063)		
(44.57   1.063)		(44.57   1.064)		(44.58   1.064)		(44.60   1.065)		(44.62   1.065)		
(44.65   1.066)		(44.68   1.067)		(44.70   1.067)		(44.73   1.068)		(44.76   1.069)		
(44.79   1.069)		(44.85   1.070)		(44.98   1.070)		(45.30   1.069)		(45.77   1.068)		
(46.01   1.068)		(45.99   1.068)		(45.90   1.068)		(45.48   1.070)		(45.17   1.077)		
(45.38   1.108)		(44.25   1.136)		(42.22   1.171)		(60.26   1.090)		(77.59   1.095)		
(59.99   1.062)		(75.53   1.066)		(55.53   1.078)		(98.00   0.994)		(163.39  1.087)		

### Episode 004/030
Stage1
[[76.30759 72.36347 86.82638 83.27301 88.83356 89.74674 79.82776 78.90323 84.7535  80.08993 72.44397 71.22095 81.49322 83.14425 82.46556]
 [73.29288 89.33297 81.01609 76.21156 74.59107 86.21511 84.6208  89.27092 80.27563 81.30423 77.93564 84.38286 87.92413 87.71502 80.32016]]
Final rate: 67.008/69.860	  Sum rate: 49.384	Explore: 2.00	Location: [10.99051 10.70135] → [67.64155 75.94458] ([80.12982 81.1557 ])
(72.33   1.105)		(56.41   1.040)		(56.63   1.056)		(55.40   1.051)		(55.06   1.050)		
(54.75   1.049)		(54.44   1.048)		(54.13   1.047)		(53.82   1.046)		(53.51   1.045)		
(53.21   1.045)		(52.91   1.044)		(52.62   1.043)		(52.33   1.042)		(52.05   1.041)		
(51.77   1.040)		(51.49   1.039)		(51.23   1.038)		(50.96   1.038)		(50.71   1.037)		
(50.46   1.036)		(50.22   1.035)		(49.99   1.034)		(49.76   1.033)		(49.55   1.032)		
(49.34   1.031)		(49.17   1.030)		(49.01   1.029)		(48.86   1.028)		(48.72   1.027)		
(48.58   1.026)		(48.46   1.025)		(48.34   1.024)		(48.23   1.023)		(48.13   1.022)		
(48.04   1.021)		(47.94   1.020)		(47.85   1.020)		(47.76   1.019)		(47.69   1.018)		
(47.62   1.018)		(47.56   1.017)		(47.51   1.016)		(47.49   1.015)		(47.48   1.014)		
(47.47   1.013)		(47.47   1.012)		(47.47   1.011)		(47.47   1.011)		(47.47   1.010)		
(47.47   1.009)		(47.48   1.008)		(47.47   1.008)		(47.47   1.008)		(47.46   1.007)		
(47.44   1.007)		(47.41   1.008)		(47.37   1.008)		(47.32   1.009)		(47.24   1.011)		
(47.15   1.013)		(47.02   1.016)		(46.86   1.019)		(46.67   1.023)		(46.43   1.027)		
(46.14   1.032)		(45.79   1.036)		(45.41   1.040)		(45.09   1.043)		(44.95   1.046)		
(45.02   1.050)		(45.30   1.055)		(45.51   1.063)		(45.59   1.069)		(45.87   1.069)		
(46.32   1.069)		(42.66   1.087)		(39.95   1.087)		(43.38   1.064)		(40.76   1.096)		
(44.20   1.062)		(38.55   1.121)		(33.93   1.142)		(66.33   1.057)		(101.43  1.105)		

### Episode 005/030
Stage1
[[82.87348 86.01629 77.56501 85.77268 87.17876 85.60562 81.10827 78.87029 72.33873 87.94077 88.26434 87.9021  82.48886 89.47367 83.94071]
 [71.11511 72.3999  76.69848 79.514   77.68237 75.85872 84.75704 88.40291 70.49478 87.49753 75.04419 75.20887 85.61201 84.35609 73.62535]]
Final rate: 67.685/69.900	  Sum rate: 49.860	Explore: 2.00	Location: [12.28201  9.12755] → [72.34154 73.2523 ] ([82.96249 77.76783])
(23.28   1.807)		(44.11   1.047)		(54.51   1.059)		(51.26   1.049)		(50.94   1.046)		
(50.79   1.046)		(50.49   1.045)		(50.21   1.045)		(49.95   1.044)		(49.69   1.043)		
(49.44   1.043)		(49.19   1.042)		(48.95   1.042)		(48.72   1.041)		(48.49   1.040)		
(48.27   1.040)		(48.05   1.039)		(47.86   1.038)		(47.64   1.039)		(47.42   1.039)		
(47.21   1.040)		(47.02   1.040)		(46.86   1.041)		(46.71   1.041)		(46.56   1.042)		
(46.42   1.042)		(46.29   1.043)		(46.16   1.043)		(46.04   1.043)		(45.93   1.044)		
(45.83   1.044)		(45.73   1.045)		(45.64   1.045)		(45.55   1.046)		(45.47   1.046)		
(45.39   1.047)		(45.32   1.047)		(45.25   1.048)		(45.18   1.048)		(45.11   1.049)		
(45.05   1.049)		(44.98   1.050)		(44.92   1.050)		(44.86   1.050)		(44.80   1.050)		
(44.73   1.050)		(44.67   1.050)		(44.61   1.051)		(44.54   1.051)		(44.47   1.051)		
(44.40   1.051)		(44.33   1.051)		(44.26   1.050)		(44.19   1.050)		(44.13   1.050)		
(44.08   1.050)		(44.03   1.050)		(43.99   1.049)		(43.96   1.049)		(43.94   1.049)		
(43.94   1.049)		(43.96   1.049)		(43.98   1.049)		(44.03   1.049)		(44.08   1.049)		
(44.14   1.048)		(44.19   1.048)		(44.20   1.048)		(44.18   1.048)		(44.12   1.049)		
(44.09   1.049)		(44.08   1.049)		(44.03   1.049)		(43.95   1.049)		(44.68   1.046)		
(45.37   1.047)		(45.66   1.065)		(46.47   1.066)		(45.82   1.073)		(47.05   1.064)		
(52.73   1.099)		(45.80   1.125)		(42.31   1.130)		(74.17   1.070)		(86.52   1.143)		

### Episode 006/030
Stage1
[[83.80469 75.46781 76.8137  70.5943  89.53569 70.52551 87.74066 88.24222 75.01468 76.81347 88.26497 88.80326 88.92456 87.00331 75.96933]
 [75.8837  78.68118 87.19266 80.01581 87.65944 72.07248 71.81582 84.36817 84.02475 74.61741 84.99537 87.09284 82.18094 81.64501 73.32578]]
Final rate: 64.913/69.535	  Sum rate: 49.074	Explore: 2.00	Location: [10.11973  8.80279] → [61.93588 79.23246] ([80.84266 79.30927])
(33.74   1.753)		(48.89   1.067)		(60.20   1.084)		(55.93   1.064)		(55.59   1.063)		
(55.27   1.062)		(54.99   1.061)		(54.72   1.061)		(54.46   1.060)		(54.21   1.059)		
(53.94   1.059)		(53.67   1.059)		(53.42   1.058)		(53.19   1.058)		(52.98   1.058)		
(52.78   1.058)		(52.60   1.057)		(52.43   1.057)		(52.27   1.056)		(52.11   1.056)		
(51.96   1.055)		(51.82   1.055)		(51.68   1.054)		(51.55   1.053)		(51.43   1.052)		
(51.31   1.052)		(51.20   1.051)		(51.09   1.050)		(50.99   1.049)		(50.89   1.048)		
(50.80   1.048)		(50.71   1.047)		(50.62   1.046)		(50.54   1.046)		(50.46   1.045)		
(50.38   1.045)		(50.31   1.045)		(50.24   1.044)		(50.17   1.044)		(50.10   1.044)		
(50.04   1.044)		(49.98   1.044)		(49.92   1.044)		(49.86   1.044)		(49.81   1.044)		
(49.76   1.044)		(49.71   1.044)		(49.67   1.044)		(49.63   1.044)		(49.59   1.044)		
(49.56   1.044)		(49.53   1.044)		(49.51   1.044)		(49.49   1.044)		(49.48   1.044)		
(49.48   1.044)		(49.48   1.044)		(49.49   1.043)		(49.51   1.043)		(49.53   1.042)		
(49.56   1.041)		(49.61   1.041)		(49.66   1.040)		(49.72   1.039)		(49.80   1.038)		
(49.90   1.037)		(50.03   1.036)		(50.21   1.035)		(50.49   1.035)		(50.97   1.035)		
(52.03   1.037)		(54.88   1.039)		(62.14   1.043)		(68.29   1.049)		(65.07   1.055)		
(62.97   1.058)		(62.98   1.058)		(62.68   1.059)		(61.22   1.061)		(63.08   1.055)		
(64.24   1.057)		(56.32   1.074)		(54.23   1.070)		(78.24   1.034)		(108.08  1.131)		

### Episode 007/030
Stage1
[[73.22206 79.82832 88.27255 89.93094 77.58446 80.3149  81.84794 73.10325 86.59574 84.97826 86.34085 80.88898 77.15834 86.04157 78.73396]
 [70.82393 82.35567 87.16284 80.73445 78.83822 71.54371 82.65512 71.65231 83.48218 73.16493 87.03147 73.53281 71.13391 73.60633 86.16092]]
Final rate: 67.992/69.778	  Sum rate: 50.167	Explore: 2.00	Location: [9.53884 9.46739] → [71.28149 73.09409] ([80.74613 77.1815 ])
(23.04   1.794)		(47.59   1.054)		(57.06   1.093)		(51.97   1.082)		(51.21   1.080)		
(50.84   1.079)		(50.47   1.078)		(50.10   1.077)		(49.74   1.075)		(49.39   1.074)		
(49.06   1.073)		(48.75   1.072)		(48.46   1.071)		(48.18   1.069)		(47.91   1.068)		
(47.64   1.067)		(47.41   1.065)		(47.21   1.064)		(47.04   1.063)		(46.88   1.061)		
(46.73   1.060)		(46.60   1.059)		(46.49   1.057)		(46.37   1.057)		(46.24   1.056)		
(46.11   1.056)		(45.99   1.056)		(45.88   1.056)		(45.78   1.056)		(45.68   1.056)		
(45.59   1.055)		(45.50   1.055)		(45.42   1.055)		(45.34   1.055)		(45.26   1.055)		
(45.18   1.055)		(45.11   1.055)		(45.04   1.054)		(44.97   1.054)		(44.90   1.054)		
(44.83   1.054)		(44.76   1.054)		(44.70   1.054)		(44.63   1.054)		(44.57   1.053)		
(44.50   1.053)		(44.44   1.053)		(44.38   1.053)		(44.32   1.053)		(44.25   1.053)		
(44.20   1.053)		(44.15   1.053)		(44.11   1.052)		(44.06   1.052)		(44.01   1.052)		
(43.96   1.052)		(43.91   1.052)		(43.87   1.052)		(43.82   1.052)		(43.77   1.052)		
(43.72   1.052)		(43.68   1.052)		(43.64   1.051)		(43.60   1.051)		(43.55   1.051)		
(43.49   1.051)		(43.43   1.051)		(43.32   1.051)		(43.12   1.052)		(42.62   1.053)		
(41.40   1.057)		(40.50   1.058)		(41.18   1.054)		(41.59   1.055)		(41.51   1.055)		
(41.52   1.055)		(41.76   1.054)		(41.43   1.056)		(41.22   1.055)		(42.61   1.050)		
(43.29   1.052)		(43.94   1.060)		(42.15   1.078)		(66.42   1.047)		(70.28   1.097)		

### Episode 008/030
Stage1
[[73.35942 82.10549 80.82158 84.47798 77.54991 82.21983 81.37084 88.98864 79.25827 77.3883  87.39678 86.23624 75.6616  85.42656 79.75084]
 [77.42986 70.53264 71.05021 83.1253  82.30634 72.26564 84.08345 73.09059 75.3322  82.67727 70.28881 72.90312 76.06256 80.65392 70.36407]]
Final rate: 67.025/70.068	  Sum rate: 50.707	Explore: 2.00	Location: [ 9.79549 13.19916] → [66.56757 77.63728] ([80.9809  74.94696])
(69.63   1.075)		(54.30   1.028)		(54.55   1.039)		(53.01   1.033)		(52.69   1.032)		
(52.37   1.031)		(52.06   1.030)		(51.75   1.029)		(51.45   1.028)		(51.15   1.027)		
(50.85   1.026)		(50.56   1.025)		(50.28   1.024)		(50.01   1.023)		(49.73   1.022)		
(49.46   1.021)		(49.20   1.020)		(48.94   1.019)		(48.72   1.019)		(48.48   1.018)		
(48.24   1.018)		(48.02   1.018)		(47.81   1.018)		(47.60   1.018)		(47.41   1.018)		
(47.22   1.018)		(47.05   1.017)		(46.90   1.017)		(46.76   1.017)		(46.63   1.017)		
(46.50   1.017)		(46.39   1.016)		(46.28   1.016)		(46.18   1.016)		(46.08   1.015)		
(46.00   1.015)		(45.92   1.015)		(45.85   1.014)		(45.79   1.014)		(45.73   1.014)		
(45.68   1.013)		(45.64   1.013)		(45.60   1.012)		(45.57   1.012)		(45.54   1.011)		
(45.52   1.011)		(45.50   1.011)		(45.48   1.010)		(45.47   1.010)		(45.46   1.010)		
(45.45   1.009)		(45.44   1.009)		(45.44   1.009)		(45.43   1.009)		(45.43   1.010)		
(45.42   1.010)		(45.41   1.011)		(45.40   1.012)		(45.39   1.014)		(45.36   1.016)		
(45.32   1.019)		(45.27   1.023)		(45.21   1.028)		(45.16   1.034)		(45.14   1.040)		
(45.15   1.045)		(45.25   1.049)		(45.53   1.050)		(46.16   1.051)		(46.97   1.053)		
(47.69   1.055)		(48.60   1.057)		(49.79   1.056)		(50.76   1.058)		(51.29   1.059)		
(51.65   1.059)		(51.84   1.060)		(51.57   1.061)		(51.46   1.061)		(51.38   1.061)		
(51.83   1.060)		(46.87   1.081)		(46.63   1.076)		(69.52   1.041)		(94.96   1.097)		

### Episode 009/030
Stage1
[[70.18744 78.18486 83.44151 81.69593 78.35134 87.99517 70.11812 73.02532 74.4398  82.63932 74.96963 71.16143 89.26773 83.48479 76.96854]
 [84.41809 89.60174 82.59394 70.43833 83.8474  76.52061 70.7503  79.70143 72.0275  88.69705 77.11701 87.033   71.76943 70.00007 89.40177]]
Final rate: 66.536/69.406	  Sum rate: 50.987	Explore: 2.00	Location: [10.01189  9.30229] → [63.73902 83.38891] ([77.5276  78.57859])
(34.27   1.709)		(51.42   1.123)		(56.02   1.131)		(52.69   1.119)		(52.72   1.121)		
(52.57   1.121)		(52.46   1.121)		(52.38   1.121)		(52.31   1.121)		(52.26   1.122)		
(52.23   1.122)		(52.22   1.122)		(52.23   1.122)		(52.26   1.123)		(52.32   1.123)		
(52.39   1.123)		(52.47   1.124)		(52.60   1.124)		(52.74   1.125)		(52.89   1.125)		
(53.05   1.125)		(53.21   1.125)		(53.38   1.125)		(53.56   1.125)		(53.73   1.125)		
(53.90   1.125)		(54.07   1.125)		(54.23   1.125)		(54.39   1.125)		(54.54   1.125)		
(54.67   1.125)		(54.80   1.125)		(54.92   1.125)		(55.02   1.125)		(55.12   1.125)		
(55.19   1.125)		(55.25   1.124)		(55.29   1.124)		(55.32   1.124)		(55.32   1.123)		
(55.30   1.123)		(55.26   1.122)		(55.20   1.121)		(55.11   1.120)		(54.97   1.118)		
(54.79   1.116)		(54.55   1.113)		(54.26   1.110)		(54.00   1.107)		(53.68   1.104)		
(53.38   1.100)		(53.07   1.097)		(52.75   1.094)		(52.52   1.093)		(52.30   1.093)		
(52.09   1.092)		(51.81   1.092)		(51.41   1.091)		(50.82   1.088)		(49.90   1.082)		
(48.76   1.076)		(47.79   1.073)		(46.83   1.071)		(46.18   1.071)		(45.82   1.071)		
(45.65   1.071)		(45.51   1.072)		(45.35   1.072)		(45.22   1.072)		(45.06   1.072)		
(44.84   1.073)		(44.67   1.073)		(44.78   1.068)		(49.30   1.048)		(49.40   0.968)		
(49.34   0.966)		(49.33   0.966)		(49.60   0.966)		(51.24   0.969)		(60.60   0.982)		
(83.98   1.012)		(133.48  1.200)		(55.17   1.710)		(107.88  0.989)		(69.45   1.673)		

### Episode 010/030
Stage1
[[81.14698 82.67933 79.257   89.52308 79.95013 77.00644 75.03193 89.57935 83.75789 85.32957 84.54974 82.65684 78.27365 73.19208 86.23701]
 [87.12869 79.93962 81.88952 83.446   80.85003 81.30808 87.44549 82.7709  74.21755 84.88233 86.40087 72.70044 81.90071 81.20538 87.68724]]
Final rate: 67.826/70.125	  Sum rate: 49.625	Explore: 2.00	Location: [11.78519  9.28216] → [69.81047 77.78706] ([81.28307 81.12788])
(25.03   1.774)		(50.80   1.054)		(57.89   1.073)		(54.51   1.067)		(53.75   1.064)		
(53.38   1.064)		(53.01   1.065)		(52.64   1.065)		(52.28   1.065)		(51.94   1.066)		
(51.60   1.066)		(51.27   1.067)		(50.96   1.068)		(50.66   1.068)		(50.39   1.068)		
(50.13   1.069)		(49.89   1.069)		(49.66   1.069)		(49.46   1.070)		(49.28   1.070)		
(49.12   1.070)		(48.98   1.071)		(48.85   1.071)		(48.75   1.071)		(48.70   1.071)		
(48.67   1.072)		(48.65   1.072)		(48.64   1.072)		(48.65   1.072)		(48.66   1.072)		
(48.68   1.071)		(48.72   1.071)		(48.76   1.071)		(48.80   1.071)		(48.85   1.071)		
(48.90   1.071)		(48.95   1.070)		(49.01   1.070)		(49.06   1.069)		(49.11   1.069)		
(49.16   1.069)		(49.21   1.068)		(49.27   1.068)		(49.33   1.068)		(49.40   1.067)		
(49.47   1.067)		(49.54   1.067)		(49.61   1.067)		(49.67   1.067)		(49.74   1.066)		
(49.81   1.066)		(49.85   1.066)		(49.89   1.066)		(49.94   1.066)		(49.99   1.066)		
(50.07   1.065)		(50.19   1.065)		(50.38   1.064)		(50.60   1.064)		(50.78   1.063)		
(50.95   1.063)		(51.06   1.063)		(51.11   1.063)		(51.12   1.063)		(51.14   1.063)		
(51.16   1.063)		(51.18   1.063)		(51.19   1.064)		(51.21   1.065)		(51.21   1.067)		
(51.13   1.071)		(50.04   1.079)		(50.08   1.078)		(50.18   1.089)		(50.19   1.101)		
(50.13   1.110)		(49.85   1.115)		(47.92   1.121)		(42.91   1.125)		(33.15   1.104)		
(42.97   1.028)		(36.46   1.125)		(40.63   1.040)		(58.02   1.031)		(58.04   1.076)		

### Episode 011/030
Stage1
[[80.84684 85.58945 88.05736 79.00312 84.29269 80.45517 82.4275  80.03612 76.81283 76.78666 82.73809 81.56375 70.40546 89.69972 73.85809]
 [80.47557 75.79878 81.04257 81.91168 79.68869 77.91684 82.6854  85.09455 84.5581  81.49838 74.31182 73.15179 71.81889 88.11037 82.63515]]
Final rate: 67.057/70.068	  Sum rate: 49.361	Explore: 2.00	Location: [10.68659  7.70307] → [66.35572 76.48054] ([79.82491 79.28323])
(24.30   1.784)		(49.93   1.046)		(62.30   1.076)		(57.73   1.059)		(56.87   1.058)		
(56.57   1.057)		(56.29   1.057)		(56.03   1.056)		(55.78   1.056)		(55.53   1.055)		
(55.29   1.054)		(55.06   1.053)		(54.82   1.053)		(54.59   1.052)		(54.33   1.052)		
(54.07   1.053)		(53.82   1.053)		(53.58   1.053)		(53.36   1.053)		(53.16   1.054)		
(52.97   1.054)		(52.79   1.054)		(52.63   1.055)		(52.47   1.055)		(52.34   1.055)		
(52.22   1.056)		(52.12   1.056)		(52.04   1.056)		(51.97   1.057)		(51.91   1.057)		
(51.88   1.057)		(51.86   1.058)		(51.85   1.058)		(51.87   1.058)		(51.90   1.059)		
(51.95   1.059)		(52.02   1.059)		(52.11   1.059)		(52.21   1.060)		(52.33   1.060)		
(52.47   1.060)		(52.62   1.060)		(52.79   1.061)		(52.96   1.061)		(53.13   1.061)		
(53.31   1.061)		(53.47   1.062)		(53.62   1.062)		(53.73   1.062)		(53.81   1.062)		
(53.83   1.062)		(53.77   1.062)		(53.61   1.062)		(53.32   1.062)		(52.88   1.062)		
(52.27   1.062)		(51.48   1.061)		(50.53   1.060)		(49.43   1.060)		(48.29   1.058)		
(47.22   1.057)		(46.16   1.056)		(45.20   1.055)		(44.42   1.053)		(43.86   1.053)		
(43.52   1.052)		(43.34   1.051)		(43.26   1.051)		(43.25   1.051)		(43.43   1.050)		
(43.41   1.050)		(43.37   1.050)		(43.37   1.050)		(43.38   1.050)		(43.43   1.050)		
(43.79   1.049)		(44.72   1.046)		(46.64   1.042)		(44.44   1.054)		(45.92   1.042)		
(46.49   1.073)		(42.89   1.084)		(43.22   1.070)		(57.21   1.031)		(64.18   1.097)		

### Episode 012/030
Stage1
[[72.3525  79.03958 86.22794 89.17644 83.04806 88.01975 72.67715 88.0173  76.10693 79.44974 77.30176 73.72979 74.52795 86.38159 71.20917]
 [74.70765 79.5159  74.20555 85.15151 89.80539 86.44986 78.37813 82.68521 80.18223 79.90178 82.18849 86.57446 80.65113 76.77214 80.93272]]
Final rate: 67.209/69.863	  Sum rate: 49.559	Explore: 2.00	Location: [ 8.24885 11.3306 ] → [66.27072 76.5916 ] ([78.95391 80.12621])
(70.95   1.241)		(50.56   1.059)		(53.55   1.050)		(52.93   1.040)		(52.69   1.040)		
(52.33   1.039)		(51.98   1.039)		(51.64   1.038)		(51.31   1.038)		(50.99   1.037)		
(50.68   1.037)		(50.39   1.036)		(50.11   1.036)		(49.86   1.035)		(49.62   1.035)		
(49.38   1.035)		(49.16   1.036)		(48.96   1.036)		(48.77   1.036)		(48.59   1.036)		
(48.44   1.037)		(48.31   1.037)		(48.20   1.037)		(48.09   1.037)		(48.00   1.038)		
(47.91   1.038)		(47.84   1.038)		(47.78   1.038)		(47.72   1.039)		(47.68   1.039)		
(47.63   1.039)		(47.60   1.039)		(47.56   1.039)		(47.53   1.040)		(47.51   1.040)		
(47.48   1.040)		(47.46   1.040)		(47.44   1.040)		(47.41   1.041)		(47.39   1.041)		
(47.37   1.041)		(47.35   1.042)		(47.34   1.042)		(47.32   1.042)		(47.31   1.043)		
(47.31   1.043)		(47.31   1.043)		(47.32   1.044)		(47.34   1.044)		(47.37   1.045)		
(47.42   1.045)		(47.50   1.045)		(47.60   1.045)		(47.73   1.045)		(47.89   1.045)		
(48.07   1.045)		(48.28   1.045)		(48.48   1.044)		(48.66   1.044)		(48.84   1.043)		
(48.98   1.043)		(49.08   1.042)		(49.12   1.041)		(49.11   1.040)		(49.05   1.039)		
(48.96   1.038)		(48.86   1.036)		(48.72   1.033)		(48.61   1.030)		(48.52   1.027)		
(48.39   1.023)		(48.14   1.020)		(47.50   1.021)		(46.58   1.045)		(46.07   1.053)		
(45.24   1.054)		(45.30   1.051)		(44.61   1.052)		(44.21   1.051)		(44.77   1.047)		
(44.59   1.049)		(41.91   1.058)		(40.88   1.055)		(54.73   1.010)		(58.62   1.054)		

### Episode 013/030
Stage1
[[72.07335 75.83672 81.29922 87.42723 81.15012 82.96468 88.89959 84.81223 89.35339 88.53424 88.70331 88.57725 88.83796 87.44532 78.93149]
 [71.11657 84.93615 79.03277 81.47628 73.1581  88.63095 84.80065 70.93338 77.82989 75.633   77.98083 72.20752 77.56535 74.34669 79.87251]]
Final rate: 67.384/69.923	  Sum rate: 49.914	Explore: 2.00	Location: [14.23733  8.97842] → [71.66209 73.05133] ([83.65398 77.03561])
(32.53   1.729)		(43.72   1.008)		(59.62   1.075)		(53.58   1.044)		(53.18   1.043)		
(52.75   1.042)		(52.45   1.041)		(52.15   1.040)		(51.84   1.039)		(51.55   1.038)		
(51.25   1.036)		(50.96   1.035)		(50.68   1.034)		(50.40   1.033)		(50.13   1.032)		
(49.87   1.031)		(49.61   1.030)		(49.36   1.029)		(49.12   1.028)		(48.88   1.027)		
(48.64   1.026)		(48.42   1.025)		(48.22   1.023)		(48.04   1.022)		(47.86   1.021)		
(47.70   1.020)		(47.54   1.019)		(47.39   1.018)		(47.25   1.017)		(47.12   1.016)		
(46.99   1.015)		(46.87   1.014)		(46.76   1.013)		(46.64   1.012)		(46.52   1.011)		
(46.40   1.010)		(46.29   1.009)		(46.18   1.009)		(46.07   1.008)		(45.97   1.007)		
(45.88   1.007)		(45.79   1.006)		(45.70   1.005)		(45.61   1.005)		(45.53   1.004)		
(45.45   1.004)		(45.36   1.003)		(45.28   1.003)		(45.21   1.002)		(45.13   1.002)		
(45.05   1.002)		(44.97   1.002)		(44.90   1.002)		(44.82   1.002)		(44.75   1.002)		
(44.68   1.002)		(44.61   1.002)		(44.56   1.003)		(44.50   1.003)		(44.46   1.004)		
(44.42   1.005)		(44.37   1.007)		(44.31   1.010)		(44.22   1.015)		(44.08   1.022)		
(43.97   1.031)		(43.88   1.040)		(43.86   1.046)		(43.97   1.049)		(44.26   1.051)		
(44.75   1.055)		(45.15   1.061)		(45.42   1.067)		(45.67   1.069)		(45.68   1.071)		
(45.82   1.070)		(45.90   1.070)		(45.76   1.071)		(45.80   1.070)		(46.57   1.068)		
(51.29   1.103)		(52.08   1.121)		(57.04   1.115)		(79.68   1.100)		(84.97   1.110)		

### Episode 014/030
Stage1
[[81.87151 83.55966 84.50509 80.96213 71.09532 76.78089 80.59515 78.11097 75.6834  76.21594 76.71006 87.58876 70.16807 82.72408 76.07284]
 [75.69172 86.98383 79.32055 78.44689 89.06854 83.31902 71.26082 72.99133 86.11826 72.42207 79.59755 82.15264 84.02226 77.68428 89.56653]]
Final rate: 69.277/69.889	  Sum rate: 52.072	Explore: 2.00	Location: [13.96415  9.69199] → [72.67436 78.32715] ([77.94948 79.5033 ])
(55.35   1.212)		(49.38   1.065)		(54.04   1.120)		(50.44   1.100)		(50.23   1.099)		
(49.99   1.099)		(49.76   1.098)		(49.55   1.098)		(49.36   1.098)		(49.18   1.098)		
(49.02   1.098)		(48.89   1.098)		(48.76   1.098)		(48.66   1.097)		(48.57   1.097)		
(48.50   1.097)		(48.44   1.097)		(48.40   1.098)		(48.36   1.098)		(48.34   1.098)		
(48.33   1.098)		(48.32   1.098)		(48.33   1.098)		(48.34   1.099)		(48.35   1.099)		
(48.38   1.099)		(48.42   1.100)		(48.46   1.100)		(48.51   1.100)		(48.56   1.101)		
(48.62   1.101)		(48.68   1.102)		(48.75   1.102)		(48.83   1.103)		(48.91   1.103)		
(48.99   1.104)		(49.08   1.105)		(49.16   1.105)		(49.25   1.106)		(49.35   1.107)		
(49.44   1.107)		(49.54   1.107)		(49.63   1.108)		(49.73   1.108)		(49.83   1.109)		
(49.92   1.109)		(50.01   1.109)		(50.10   1.110)		(50.18   1.110)		(50.26   1.110)		
(50.33   1.110)		(50.38   1.111)		(50.43   1.111)		(50.47   1.111)		(50.49   1.111)		
(50.48   1.111)		(50.46   1.111)		(50.40   1.110)		(50.30   1.110)		(50.14   1.109)		
(49.91   1.108)		(49.56   1.106)		(49.06   1.102)		(48.37   1.095)		(47.56   1.085)		
(46.91   1.078)		(46.40   1.074)		(46.01   1.071)		(45.66   1.068)		(45.32   1.060)		
(44.73   1.052)		(44.21   1.049)		(44.11   1.049)		(44.05   1.049)		(44.03   1.049)		
(44.06   1.049)		(44.09   1.049)		(48.68   1.038)		(48.53   1.036)		(48.43   1.032)		
(47.97   0.986)		(44.43   0.977)		(44.04   0.971)		(72.75   0.953)		(128.04  1.011)		

### Episode 015/030
Stage1
[[85.02938 79.19448 70.63819 85.68712 82.86292 80.49721 76.40159 89.63372 71.50544 89.9974  82.09843 82.63518 82.30514 83.35918 76.41538]
 [72.8081  85.26557 76.31667 85.98677 71.76495 85.92417 78.76837 76.43287 80.59928 80.70614 83.21837 76.55155 72.01996 88.06558 74.07653]]
Final rate: 67.922/69.840	  Sum rate: 50.142	Explore: 2.00	Location: [11.50416 10.02608] → [71.2523  72.75226] ([80.16544 78.4579 ])
(62.20   1.126)		(50.03   1.054)		(49.59   1.036)		(49.48   1.032)		(49.27   1.031)		
(49.03   1.031)		(48.82   1.031)		(48.62   1.032)		(48.43   1.032)		(48.24   1.032)		
(48.07   1.032)		(47.91   1.032)		(47.76   1.032)		(47.62   1.032)		(47.49   1.032)		
(47.36   1.032)		(47.24   1.032)		(47.13   1.032)		(47.02   1.032)		(46.92   1.032)		
(46.82   1.032)		(46.72   1.031)		(46.64   1.031)		(46.55   1.031)		(46.47   1.031)		
(46.39   1.030)		(46.32   1.030)		(46.24   1.029)		(46.17   1.029)		(46.11   1.028)		
(46.04   1.028)		(45.98   1.027)		(45.92   1.026)		(45.86   1.026)		(45.80   1.025)		
(45.74   1.024)		(45.69   1.024)		(45.64   1.023)		(45.60   1.023)		(45.55   1.022)		
(45.51   1.021)		(45.47   1.021)		(45.43   1.020)		(45.40   1.020)		(45.37   1.019)		
(45.34   1.018)		(45.31   1.018)		(45.28   1.017)		(45.26   1.017)		(45.24   1.017)		
(45.22   1.016)		(45.20   1.016)		(45.19   1.016)		(45.18   1.015)		(45.18   1.015)		
(45.18   1.015)		(45.19   1.015)		(45.21   1.015)		(45.24   1.015)		(45.29   1.016)		
(45.36   1.016)		(45.47   1.017)		(45.58   1.019)		(45.65   1.021)		(45.67   1.025)		
(45.68   1.032)		(45.71   1.042)		(45.74   1.052)		(45.82   1.061)		(45.89   1.067)		
(45.88   1.069)		(45.86   1.069)		(45.81   1.068)		(45.71   1.066)		(45.51   1.059)		
(44.21   1.056)		(43.66   1.049)		(43.68   1.050)		(43.74   1.049)		(44.40   1.047)		
(44.43   1.048)		(39.47   1.067)		(33.38   1.082)		(58.07   0.993)		(71.38   1.170)		

### Episode 016/030
Stage1
[[80.54005 88.6471  73.68224 77.30987 89.29507 84.3366  73.24775 71.06533 88.39604 89.76724 75.90435 72.46335 78.61046 73.0931  85.84454]
 [79.93163 81.74194 72.45466 85.57296 87.20929 79.49924 87.37741 77.70269 87.56559 85.33268 84.46859 84.56496 86.57294 86.99187 73.33986]]
Final rate: 67.941/69.678	  Sum rate: 50.082	Explore: 2.00	Location: [10.79806  9.78534] → [69.78636 77.69259] ([78.82398 81.97836])
(162.22  1.137)		(44.20   1.697)		(46.57   1.086)		(52.50   1.070)		(53.99   1.074)		
(53.52   1.072)		(53.14   1.072)		(52.78   1.071)		(52.41   1.070)		(52.05   1.069)		
(51.69   1.068)		(51.34   1.067)		(51.00   1.067)		(50.67   1.066)		(50.34   1.065)		
(50.03   1.065)		(49.73   1.064)		(49.45   1.064)		(49.18   1.063)		(48.93   1.062)		
(48.69   1.062)		(48.47   1.061)		(48.26   1.061)		(48.08   1.061)		(47.92   1.060)		
(47.76   1.060)		(47.63   1.060)		(47.50   1.060)		(47.39   1.060)		(47.29   1.060)		
(47.20   1.060)		(47.11   1.060)		(47.04   1.060)		(46.97   1.060)		(46.91   1.061)		
(46.85   1.061)		(46.80   1.061)		(46.75   1.062)		(46.70   1.062)		(46.66   1.063)		
(46.61   1.063)		(46.57   1.064)		(46.52   1.064)		(46.48   1.065)		(46.43   1.065)		
(46.39   1.066)		(46.34   1.066)		(46.30   1.067)		(46.25   1.067)		(46.20   1.068)		
(46.15   1.068)		(46.09   1.069)		(46.04   1.069)		(45.99   1.069)		(45.94   1.070)		
(45.89   1.070)		(45.84   1.070)		(45.79   1.070)		(45.74   1.071)		(45.70   1.071)		
(45.66   1.071)		(45.64   1.071)		(45.63   1.071)		(45.62   1.071)		(45.62   1.071)		
(45.61   1.071)		(45.60   1.071)		(45.59   1.071)		(45.60   1.071)		(45.62   1.071)		
(45.65   1.071)		(45.74   1.071)		(45.93   1.071)		(46.58   1.070)		(47.77   1.072)		
(50.28   1.082)		(51.63   1.052)		(51.82   1.038)		(56.46   1.083)		(59.55   1.094)		
(61.18   1.091)		(54.09   1.114)		(51.64   1.112)		(80.91   1.089)		(80.93   1.114)		

### Episode 017/030
Stage1
[[84.22278 76.88687 85.2521  75.36163 88.49983 77.72691 73.74483 86.23416 83.21877 89.31712 88.07368 76.00567 73.09647 84.32565 76.70745]
 [72.41384 71.77597 71.0449  78.90608 74.87876 73.34143 82.28628 71.83774 87.76941 75.87652 88.68546 81.37233 77.3081  82.05508 83.12618]]
Final rate: 68.263/69.775	  Sum rate: 50.587	Explore: 2.00	Location: [11.37749  9.53603] → [71.29415 74.49584] ([80.42737 77.01318])
(66.21   1.495)		(49.64   1.045)		(58.06   1.081)		(54.28   1.069)		(53.50   1.067)		
(53.11   1.067)		(52.74   1.066)		(52.39   1.065)		(52.04   1.064)		(51.69   1.063)		
(51.35   1.062)		(51.06   1.061)		(50.78   1.060)		(50.54   1.059)		(50.31   1.058)		
(50.09   1.056)		(49.87   1.055)		(49.64   1.055)		(49.39   1.054)		(49.14   1.054)		
(48.91   1.054)		(48.68   1.054)		(48.46   1.054)		(48.26   1.054)		(48.06   1.054)		
(47.88   1.054)		(47.70   1.054)		(47.54   1.054)		(47.38   1.054)		(47.24   1.054)		
(47.10   1.054)		(46.97   1.054)		(46.85   1.053)		(46.73   1.053)		(46.63   1.053)		
(46.53   1.053)		(46.43   1.053)		(46.34   1.053)		(46.25   1.053)		(46.17   1.053)		
(46.10   1.053)		(46.02   1.053)		(45.96   1.053)		(45.89   1.053)		(45.83   1.053)		
(45.77   1.053)		(45.72   1.053)		(45.67   1.053)		(45.61   1.053)		(45.56   1.053)		
(45.51   1.053)		(45.46   1.052)		(45.41   1.052)		(45.36   1.052)		(45.30   1.052)		
(45.23   1.052)		(45.16   1.052)		(45.08   1.052)		(45.00   1.051)		(44.90   1.051)		
(44.81   1.051)		(44.72   1.051)		(44.64   1.050)		(44.55   1.050)		(44.48   1.050)		
(44.41   1.050)		(44.36   1.050)		(44.32   1.049)		(44.28   1.049)		(44.25   1.049)		
(44.19   1.049)		(44.05   1.049)		(43.81   1.050)		(43.33   1.051)		(43.09   1.051)		
(43.10   1.051)		(42.30   1.054)		(41.85   1.054)		(42.50   1.062)		(44.37   1.070)		
(45.02   1.074)		(40.39   1.100)		(39.81   1.079)		(57.51   1.025)		(78.40   1.084)		

### Episode 018/030
Stage1
[[78.80517 83.64612 72.19313 80.21081 71.90869 81.20328 86.2741  89.13208 78.15231 71.29447 82.33726 82.26113 84.23913 80.25397 87.48083]
 [89.43022 79.42147 86.968   79.8578  75.51832 80.50309 70.03475 86.63657 89.33186 80.92695 79.43825 84.20068 78.49846 87.07597 86.68155]]
Final rate: 67.144/69.884	  Sum rate: 49.006	Explore: 2.00	Location: [9.49973 8.78644] → [69.19709 73.82713] ([79.96291 81.36825])
(30.48   1.762)		(47.75   1.051)		(54.48   1.078)		(51.38   1.053)		(51.06   1.052)		
(50.76   1.052)		(50.46   1.051)		(50.19   1.050)		(49.91   1.049)		(49.61   1.050)		
(49.31   1.050)		(49.02   1.050)		(48.74   1.050)		(48.47   1.051)		(48.21   1.051)		
(47.97   1.051)		(47.74   1.051)		(47.55   1.051)		(47.38   1.052)		(47.24   1.052)		
(47.10   1.052)		(46.98   1.052)		(46.86   1.052)		(46.76   1.052)		(46.66   1.052)		
(46.57   1.052)		(46.49   1.052)		(46.41   1.052)		(46.34   1.052)		(46.27   1.052)		
(46.21   1.052)		(46.15   1.052)		(46.10   1.052)		(46.06   1.052)		(46.02   1.052)		
(45.98   1.052)		(45.96   1.052)		(45.94   1.052)		(45.93   1.052)		(45.93   1.052)		
(45.94   1.052)		(45.96   1.052)		(46.00   1.052)		(46.05   1.053)		(46.13   1.053)		
(46.23   1.053)		(46.34   1.053)		(46.47   1.053)		(46.62   1.053)		(46.78   1.053)		
(46.95   1.053)		(47.14   1.054)		(47.33   1.054)		(47.53   1.054)		(47.74   1.054)		
(47.94   1.054)		(48.13   1.054)		(48.32   1.054)		(48.49   1.055)		(48.64   1.055)		
(48.77   1.055)		(48.88   1.055)		(48.97   1.055)		(49.02   1.055)		(49.05   1.055)		
(49.04   1.055)		(48.99   1.055)		(48.87   1.055)		(48.67   1.055)		(48.35   1.054)		
(47.83   1.054)		(47.08   1.053)		(46.08   1.051)		(45.21   1.050)		(44.88   1.048)		
(44.78   1.047)		(44.58   1.048)		(44.20   1.049)		(44.11   1.048)		(45.06   1.045)		
(45.16   1.047)		(41.76   1.060)		(38.67   1.063)		(55.96   1.007)		(57.70   1.048)		

### Episode 019/030
Stage1
[[78.58522 76.44909 80.84454 79.64539 71.53459 85.40981 79.615   80.16271 77.01114 89.75329 74.36886 86.9721  85.263   82.24962 75.97788]
 [73.54824 85.21447 82.13434 72.4688  88.01166 83.99372 71.03702 78.74984 77.70899 75.61538 74.13552 80.83695 70.88859 80.42365 77.48762]]
Final rate: 67.253/69.992	  Sum rate: 50.505	Explore: 2.00	Location: [ 8.64549 10.59196] → [66.15223 79.6972 ] ([79.62128 77.03752])
(34.33   1.741)		(52.17   1.066)		(61.10   1.123)		(55.37   1.091)		(55.09   1.092)		
(54.79   1.092)		(54.50   1.092)		(54.22   1.092)		(53.94   1.092)		(53.66   1.091)		
(53.39   1.091)		(53.11   1.090)		(52.84   1.090)		(52.57   1.089)		(52.30   1.089)		
(52.02   1.088)		(51.75   1.088)		(51.47   1.087)		(51.19   1.086)		(50.90   1.085)		
(50.64   1.084)		(50.40   1.083)		(50.20   1.083)		(50.02   1.082)		(49.86   1.081)		
(49.72   1.081)		(49.59   1.080)		(49.47   1.079)		(49.38   1.079)		(49.30   1.079)		
(49.24   1.078)		(49.20   1.078)		(49.17   1.078)		(49.16   1.078)		(49.16   1.078)		
(49.18   1.078)		(49.20   1.078)		(49.26   1.078)		(49.33   1.078)		(49.40   1.079)		
(49.48   1.079)		(49.55   1.080)		(49.61   1.081)		(49.67   1.081)		(49.72   1.082)		
(49.75   1.082)		(49.77   1.082)		(49.77   1.083)		(49.74   1.083)		(49.69   1.083)		
(49.61   1.083)		(49.50   1.082)		(49.35   1.082)		(49.15   1.081)		(48.90   1.080)		
(48.61   1.079)		(48.30   1.078)		(47.94   1.077)		(47.54   1.076)		(47.10   1.074)		
(46.64   1.072)		(46.19   1.072)		(45.78   1.072)		(45.46   1.072)		(45.25   1.072)		
(45.15   1.072)		(45.13   1.072)		(45.17   1.072)		(45.27   1.072)		(45.41   1.071)		
(45.59   1.071)		(45.74   1.070)		(45.78   1.071)		(45.76   1.070)		(45.79   1.070)		
(45.85   1.069)		(45.84   1.069)		(45.71   1.068)		(47.09   1.054)		(51.77   1.050)		
(51.64   1.039)		(47.66   1.042)		(47.57   1.035)		(70.81   1.026)		(99.82   1.015)		

### Episode 020/030
Stage1
[[89.17271 78.28539 80.49409 88.90436 76.92209 85.87239 89.9289  83.69083 75.80766 79.97247 85.25963 86.08092 78.46124 73.52107 77.23165]
 [80.65023 82.39733 75.14283 74.75465 86.52934 86.20277 71.44631 85.37711 79.54594 79.04743 78.75853 75.29192 83.62472 70.61068 79.67603]]
Final rate: 56.887/69.970	  Sum rate: 48.337	Explore: 2.00	Location: [12.00249 12.09624] → [47.83021 94.25361] ([80.97772 78.55575])
(44.87   1.693)		(53.12   1.065)		(63.27   1.104)		(60.06   1.072)		(59.12   1.071)		
(58.75   1.072)		(58.39   1.072)		(58.05   1.073)		(57.73   1.074)		(57.42   1.074)		
(57.13   1.075)		(56.87   1.076)		(56.64   1.076)		(56.43   1.077)		(56.25   1.077)		
(56.09   1.078)		(55.96   1.078)		(55.85   1.079)		(55.78   1.079)		(55.73   1.080)		
(55.71   1.081)		(55.71   1.081)		(55.75   1.082)		(55.84   1.083)		(55.97   1.084)		
(56.14   1.085)		(56.35   1.086)		(56.62   1.087)		(56.93   1.088)		(57.30   1.089)		
(57.73   1.090)		(58.22   1.092)		(58.77   1.093)		(59.38   1.094)		(60.07   1.095)		
(60.81   1.096)		(61.60   1.097)		(62.44   1.097)		(63.31   1.098)		(64.18   1.098)		
(65.03   1.099)		(65.93   1.101)		(66.87   1.104)		(67.86   1.106)		(68.89   1.107)		
(69.95   1.108)		(70.99   1.108)		(71.95   1.108)		(72.80   1.106)		(73.57   1.103)		
(74.41   1.096)		(75.29   1.087)		(76.20   1.080)		(76.77   1.074)		(77.03   1.070)		
(77.16   1.068)		(77.23   1.067)		(77.23   1.065)		(77.16   1.064)		(77.01   1.063)		
(76.80   1.062)		(76.51   1.061)		(76.15   1.060)		(75.72   1.060)		(75.24   1.061)		
(74.74   1.061)		(74.27   1.061)		(73.78   1.061)		(73.29   1.061)		(72.83   1.061)		
(72.45   1.061)		(72.12   1.061)		(71.82   1.060)		(71.57   1.059)		(71.39   1.059)		
(71.35   1.057)		(71.35   1.059)		(72.09   1.064)		(79.35   1.066)		(127.96  1.113)		
(44.17   1.654)		(60.27   1.076)		(54.83   1.080)		(80.49   1.025)		(106.48  1.491)		

### Episode 021/030
Stage1
[[80.81558 73.27034 79.81338 86.18795 80.27772 73.80554 82.00262 84.56823 74.97646 84.16075 78.20481 71.47853 82.77893 81.66742 78.35914]
 [78.13672 76.68897 85.13956 73.03864 71.12192 70.44541 86.89053 76.51401 78.18283 80.10477 70.71552 79.55273 87.3426  76.21603 89.27395]]
Final rate: 68.137/69.907	  Sum rate: 50.543	Explore: 2.00	Location: [ 8.59114 11.13723] → [68.58718 75.67649] ([78.28855 77.98618])
(146.18  1.116)		(65.66   1.544)		(47.34   1.067)		(53.60   1.054)		(52.85   1.054)		
(52.62   1.052)		(52.34   1.051)		(52.03   1.051)		(51.72   1.050)		(51.45   1.050)		
(51.18   1.049)		(50.92   1.049)		(50.66   1.048)		(50.41   1.047)		(50.16   1.047)		
(49.93   1.046)		(49.70   1.045)		(49.48   1.044)		(49.28   1.044)		(49.08   1.043)		
(48.90   1.043)		(48.73   1.042)		(48.56   1.041)		(48.41   1.041)		(48.26   1.041)		
(48.12   1.041)		(47.99   1.040)		(47.86   1.040)		(47.73   1.040)		(47.60   1.040)		
(47.48   1.040)		(47.34   1.040)		(47.21   1.040)		(47.07   1.040)		(46.92   1.040)		
(46.78   1.039)		(46.63   1.039)		(46.48   1.039)		(46.34   1.039)		(46.20   1.040)		
(46.04   1.040)		(45.89   1.040)		(45.72   1.040)		(45.55   1.040)		(45.39   1.040)		
(45.25   1.040)		(45.12   1.040)		(45.01   1.040)		(44.88   1.040)		(44.75   1.040)		
(44.61   1.040)		(44.53   1.040)		(44.50   1.040)		(44.49   1.040)		(44.48   1.040)		
(44.49   1.040)		(44.50   1.040)		(44.53   1.040)		(44.57   1.040)		(44.61   1.040)		
(44.67   1.040)		(44.74   1.039)		(44.81   1.039)		(44.89   1.039)		(44.96   1.039)		
(45.04   1.039)		(45.11   1.039)		(45.18   1.039)		(45.23   1.039)		(45.22   1.039)		
(44.95   1.041)		(43.22   1.049)		(40.73   1.057)		(40.29   1.058)		(40.27   1.058)		
(40.16   1.058)		(39.09   1.062)		(33.53   1.098)		(46.33   1.028)		(44.08   1.101)		
(43.93   1.067)		(43.08   1.119)		(40.00   1.126)		(63.34   1.058)		(66.01   1.050)		

### Episode 022/030
Stage1
[[75.75137 82.35636 76.84696 73.64439 77.661   80.04425 82.5031  83.97651 80.13965 75.4048  83.31281 86.87316 71.10955 88.29795 73.50995]
 [70.02629 85.05272 74.03354 73.73274 75.12446 89.21758 72.63963 75.7894  78.69287 71.0464  73.34983 82.19356 72.65284 85.60974 78.15413]]
Final rate: 69.057/69.878	  Sum rate: 51.374	Explore: 2.00	Location: [12.31877  8.25909] → [73.32348 72.08289] ([78.40741 75.95078])
(23.37   1.820)		(47.69   1.024)		(55.49   1.086)		(50.58   1.060)		(50.25   1.057)		
(49.96   1.056)		(49.67   1.055)		(49.39   1.053)		(49.13   1.052)		(48.85   1.051)		
(48.56   1.051)		(48.28   1.051)		(48.01   1.051)		(47.75   1.050)		(47.50   1.050)		
(47.27   1.050)		(47.04   1.050)		(46.83   1.049)		(46.63   1.049)		(46.45   1.049)		
(46.29   1.049)		(46.14   1.048)		(46.00   1.048)		(45.86   1.048)		(45.74   1.048)		
(45.63   1.047)		(45.52   1.047)		(45.43   1.047)		(45.34   1.047)		(45.26   1.047)		
(45.19   1.047)		(45.12   1.047)		(45.06   1.047)		(45.01   1.047)		(44.97   1.047)		
(44.92   1.047)		(44.89   1.047)		(44.85   1.047)		(44.82   1.047)		(44.80   1.047)		
(44.78   1.048)		(44.76   1.048)		(44.75   1.048)		(44.73   1.048)		(44.71   1.048)		
(44.69   1.048)		(44.67   1.048)		(44.65   1.048)		(44.64   1.048)		(44.61   1.048)		
(44.57   1.048)		(44.53   1.048)		(44.49   1.048)		(44.45   1.048)		(44.41   1.048)		
(44.37   1.048)		(44.34   1.048)		(44.30   1.048)		(44.27   1.048)		(44.24   1.048)		
(44.22   1.048)		(44.20   1.048)		(44.19   1.048)		(44.17   1.048)		(44.16   1.049)		
(44.15   1.049)		(44.14   1.049)		(44.14   1.049)		(44.20   1.048)		(44.53   1.047)		
(44.99   1.046)		(45.02   1.047)		(44.97   1.047)		(45.10   1.047)		(46.32   1.054)		
(47.97   1.062)		(45.16   1.080)		(45.65   1.065)		(45.99   1.071)		(46.11   1.070)		
(46.76   1.068)		(42.09   1.091)		(42.44   1.070)		(61.72   1.099)		(70.05   1.185)		

### Episode 023/030
Stage1
[[79.47066 71.28117 74.26422 75.6017  84.96935 78.28385 85.26681 89.83907 88.98368 81.20896 80.26762 87.13014 81.8591  77.50265 81.33271]
 [80.32135 84.20103 87.67565 71.21283 75.26683 74.56078 81.24572 76.5393  87.72821 78.76737 76.20188 74.44233 70.16306 88.21462 75.09289]]
Final rate: 65.578/69.830	  Sum rate: 49.565	Explore: 2.00	Location: [10.45758 10.103  ] → [62.96283 80.06348] ([80.08787 77.97796])
(79.00   1.165)		(61.92   1.054)		(63.39   1.080)		(61.48   1.073)		(61.22   1.074)		
(60.98   1.073)		(60.76   1.073)		(60.52   1.073)		(60.26   1.072)		(60.01   1.072)		
(59.76   1.071)		(59.50   1.070)		(59.25   1.069)		(58.99   1.068)		(58.74   1.067)		
(58.50   1.066)		(58.26   1.065)		(58.04   1.064)		(57.85   1.062)		(57.66   1.061)		
(57.47   1.060)		(57.25   1.059)		(57.00   1.059)		(56.74   1.058)		(56.48   1.057)		
(56.21   1.057)		(55.93   1.056)		(55.65   1.056)		(55.37   1.055)		(55.10   1.054)		
(54.82   1.054)		(54.53   1.053)		(54.24   1.053)		(53.93   1.052)		(53.62   1.052)		
(53.30   1.051)		(52.99   1.051)		(52.67   1.051)		(52.34   1.051)		(52.00   1.051)		
(51.67   1.051)		(51.33   1.051)		(50.98   1.051)		(50.64   1.051)		(50.29   1.051)		
(49.94   1.051)		(49.59   1.051)		(49.24   1.051)		(48.89   1.050)		(48.54   1.050)		
(48.18   1.050)		(47.83   1.050)		(47.48   1.050)		(47.14   1.050)		(46.82   1.050)		
(46.52   1.050)		(46.27   1.050)		(46.06   1.049)		(45.88   1.049)		(45.74   1.048)		
(45.63   1.048)		(45.57   1.048)		(45.55   1.047)		(45.58   1.047)		(45.65   1.046)		
(45.77   1.046)		(45.92   1.045)		(46.05   1.045)		(46.17   1.044)		(46.39   1.043)		
(46.68   1.042)		(47.34   1.039)		(48.51   1.031)		(49.19   1.001)		(50.67   0.980)		
(51.13   0.975)		(51.08   0.973)		(50.89   0.974)		(50.38   0.975)		(50.71   0.976)		
(50.94   0.993)		(48.47   1.042)		(46.23   1.067)		(63.46   1.017)		(89.58   1.127)		

### Episode 024/030
Stage1
[[73.68506 76.19264 73.60608 85.79488 73.95391 76.74008 89.57976 84.79606 85.87954 80.0584  87.79378 86.78574 83.70715 78.47419 77.52466]
 [78.9847  73.84041 79.59248 81.08304 72.71467 76.91671 79.50193 80.29766 78.57102 75.42431 72.03982 79.59516 70.25477 75.10653 81.03173]]
Final rate: 65.757/70.106	  Sum rate: 49.971	Explore: 2.00	Location: [ 8.52745 12.53325] → [62.6457  78.66916] ([79.90453 76.11273])
(75.52   1.142)		(54.60   1.042)		(55.51   1.058)		(53.86   1.043)		(53.82   1.043)		
(53.49   1.042)		(53.19   1.041)		(52.88   1.040)		(52.58   1.039)		(52.29   1.038)		
(52.02   1.037)		(51.75   1.036)		(51.50   1.035)		(51.26   1.033)		(51.01   1.033)		
(50.74   1.033)		(50.47   1.033)		(50.21   1.033)		(49.96   1.033)		(49.74   1.033)		
(49.54   1.033)		(49.36   1.033)		(49.20   1.033)		(49.05   1.033)		(48.93   1.033)		
(48.83   1.033)		(48.75   1.033)		(48.69   1.033)		(48.66   1.033)		(48.65   1.033)		
(48.67   1.033)		(48.74   1.033)		(48.82   1.033)		(48.93   1.032)		(49.07   1.032)		
(49.22   1.032)		(49.40   1.031)		(49.59   1.031)		(49.79   1.030)		(50.01   1.030)		
(50.23   1.029)		(50.45   1.028)		(50.66   1.027)		(50.87   1.027)		(51.07   1.026)		
(51.25   1.024)		(51.42   1.023)		(51.56   1.022)		(51.68   1.020)		(51.78   1.019)		
(51.85   1.017)		(51.89   1.015)		(51.91   1.012)		(51.89   1.009)		(51.83   1.006)		
(51.75   1.003)		(51.64   1.000)		(51.51   0.996)		(51.35   0.993)		(51.16   0.989)		
(50.96   0.986)		(50.76   0.983)		(50.57   0.980)		(50.41   0.978)		(50.27   0.976)		
(50.19   0.974)		(50.14   0.973)		(50.09   0.972)		(50.06   0.971)		(50.00   0.971)		
(49.91   0.971)		(50.04   0.972)		(50.21   0.974)		(50.57   0.975)		(50.77   0.976)		
(50.81   0.978)		(50.77   0.981)		(50.23   0.987)		(48.65   1.004)		(46.12   1.036)		
(45.72   1.064)		(42.22   1.086)		(38.27   1.096)		(56.64   1.017)		(74.77   1.091)		

### Episode 025/030
Stage1
[[77.888   76.33457 87.09733 81.75497 85.66239 89.39545 75.48977 81.55575 79.64425 89.51369 71.53091 78.74044 89.24986 70.10578 79.61866]
 [70.20181 85.66021 77.22404 79.95962 80.63351 79.67134 82.83846 84.08639 83.02135 78.36869 77.68712 78.06036 72.10681 85.15699 76.80862]]
Final rate: 64.876/69.900	  Sum rate: 49.907	Explore: 2.00	Location: [10.13849 10.30275] → [61.2974  84.43659] ([80.07784 78.4958 ])
(26.74   1.799)		(47.98   1.014)		(62.29   1.095)		(57.17   1.071)		(56.43   1.069)		
(56.23   1.069)		(55.97   1.070)		(55.71   1.070)		(55.46   1.070)		(55.21   1.070)		
(54.97   1.070)		(54.73   1.070)		(54.50   1.070)		(54.29   1.070)		(54.09   1.070)		
(53.89   1.070)		(53.70   1.070)		(53.51   1.070)		(53.33   1.070)		(53.15   1.070)		
(52.97   1.070)		(52.82   1.070)		(52.69   1.070)		(52.56   1.070)		(52.44   1.070)		
(52.33   1.070)		(52.23   1.070)		(52.14   1.070)		(52.06   1.070)		(51.99   1.070)		
(51.92   1.070)		(51.87   1.071)		(51.83   1.071)		(51.80   1.071)		(51.80   1.071)		
(51.81   1.072)		(51.84   1.072)		(51.89   1.073)		(51.94   1.074)		(52.03   1.076)		
(52.18   1.079)		(52.33   1.082)		(52.49   1.086)		(52.68   1.089)		(52.87   1.093)		
(53.05   1.095)		(53.22   1.097)		(53.39   1.099)		(53.53   1.100)		(53.65   1.101)		
(53.75   1.102)		(53.82   1.103)		(53.87   1.103)		(53.89   1.104)		(53.87   1.103)		
(53.82   1.103)		(53.73   1.102)		(53.59   1.101)		(53.36   1.101)		(53.06   1.099)		
(52.73   1.098)		(52.40   1.097)		(52.11   1.096)		(51.88   1.095)		(51.72   1.094)		
(51.61   1.094)		(51.55   1.094)		(51.53   1.094)		(51.51   1.094)		(51.42   1.094)		
(51.25   1.093)		(50.80   1.093)		(49.82   1.089)		(47.86   1.079)		(46.11   1.074)		
(45.49   1.074)		(45.95   1.073)		(47.77   1.076)		(56.88   1.105)		(73.66   1.110)		
(83.18   1.215)		(120.17  1.349)		(44.94   1.747)		(89.35   1.075)		(124.76  1.603)		

### Episode 026/030
Stage1
[[77.07436 86.73796 77.03791 81.00811 88.23916 79.70986 77.12009 86.71119 70.00848 89.04632 82.07028 80.53924 87.43098 84.66864 77.03687]
 [82.80609 89.44749 80.1374  71.71303 72.36134 83.711   88.4631  72.90805 89.6571  87.99884 79.33266 86.26105 82.24918 87.30898 72.70627]]
Final rate: 68.193/69.691	  Sum rate: 50.188	Explore: 2.00	Location: [11.07278 11.1578 ] → [72.28297 77.20716] ([80.79926 80.91133])
(29.81   1.776)		(48.86   1.032)		(55.90   1.100)		(50.04   1.072)		(49.95   1.072)		
(49.60   1.072)		(49.30   1.072)		(49.03   1.072)		(48.76   1.071)		(48.52   1.071)		
(48.28   1.071)		(48.06   1.070)		(47.85   1.070)		(47.65   1.070)		(47.47   1.070)		
(47.30   1.070)		(47.15   1.069)		(47.01   1.069)		(46.89   1.069)		(46.78   1.069)		
(46.68   1.069)		(46.60   1.070)		(46.52   1.070)		(46.46   1.070)		(46.41   1.070)		
(46.37   1.070)		(46.34   1.070)		(46.33   1.071)		(46.32   1.071)		(46.31   1.071)		
(46.32   1.071)		(46.33   1.071)		(46.35   1.071)		(46.38   1.072)		(46.41   1.072)		
(46.45   1.073)		(46.50   1.073)		(46.55   1.074)		(46.59   1.074)		(46.65   1.075)		
(46.71   1.075)		(46.78   1.076)		(46.86   1.077)		(46.94   1.077)		(47.03   1.078)		
(47.12   1.078)		(47.22   1.079)		(47.33   1.079)		(47.43   1.080)		(47.54   1.080)		
(47.64   1.081)		(47.74   1.081)		(47.84   1.081)		(47.92   1.082)		(47.99   1.082)		
(48.04   1.082)		(48.09   1.082)		(48.09   1.082)		(48.06   1.081)		(47.97   1.080)		
(47.81   1.080)		(47.57   1.079)		(47.25   1.077)		(46.84   1.076)		(46.37   1.074)		
(45.88   1.073)		(45.43   1.073)		(45.09   1.073)		(44.88   1.073)		(44.84   1.073)		
(44.97   1.072)		(45.33   1.071)		(45.65   1.071)		(45.71   1.071)		(45.56   1.071)		
(45.17   1.072)		(43.40   1.079)		(40.63   1.088)		(39.57   1.088)		(38.01   1.132)		
(51.91   1.081)		(42.95   1.076)		(39.07   1.106)		(68.98   1.047)		(63.15   1.015)		

### Episode 027/030
Stage1
[[76.92876 78.5598  85.01517 77.32006 81.52551 81.26271 85.89848 87.11985 75.37614 82.34927 84.0371  85.59353 77.46016 88.3408  71.41443]
 [85.80321 89.9499  70.82704 79.55047 82.6204  71.88941 83.75461 86.07673 81.11964 73.32437 73.50493 74.27325 86.63867 76.63362 81.37202]]
Final rate: 66.994/69.860	  Sum rate: 49.074	Explore: 2.00	Location: [10.11203  7.57834] → [68.66678 72.45027] ([80.56073 78.62522])
(27.74   1.775)		(46.42   1.038)		(58.89   1.083)		(53.97   1.044)		(53.69   1.042)		
(53.40   1.042)		(53.05   1.042)		(52.72   1.042)		(52.40   1.042)		(52.10   1.042)		
(51.80   1.042)		(51.52   1.041)		(51.25   1.041)		(50.98   1.041)		(50.73   1.041)		
(50.49   1.041)		(50.27   1.041)		(50.05   1.041)		(49.84   1.041)		(49.64   1.040)		
(49.45   1.040)		(49.27   1.041)		(49.09   1.040)		(48.92   1.040)		(48.76   1.040)		
(48.60   1.040)		(48.45   1.040)		(48.30   1.040)		(48.16   1.040)		(48.03   1.040)		
(47.90   1.041)		(47.77   1.041)		(47.64   1.041)		(47.53   1.041)		(47.44   1.041)		
(47.36   1.041)		(47.27   1.042)		(47.19   1.042)		(47.12   1.042)		(47.05   1.042)		
(46.98   1.042)		(46.92   1.042)		(46.86   1.042)		(46.81   1.042)		(46.76   1.042)		
(46.72   1.042)		(46.67   1.043)		(46.63   1.043)		(46.60   1.043)		(46.56   1.043)		
(46.51   1.043)		(46.47   1.043)		(46.42   1.043)		(46.36   1.043)		(46.29   1.043)		
(46.21   1.044)		(46.12   1.044)		(46.02   1.044)		(45.90   1.045)		(45.77   1.045)		
(45.62   1.045)		(45.46   1.046)		(45.28   1.047)		(45.10   1.047)		(44.91   1.048)		
(44.72   1.048)		(44.56   1.048)		(44.42   1.048)		(44.30   1.049)		(44.17   1.049)		
(44.09   1.049)		(44.07   1.049)		(44.10   1.049)		(44.17   1.048)		(44.50   1.047)		
(45.02   1.046)		(45.17   1.047)		(45.41   1.046)		(42.70   1.057)		(44.45   1.042)		
(45.50   1.046)		(39.98   1.067)		(41.09   1.048)		(54.82   1.012)		(80.19   1.055)		

### Episode 028/030
Stage1
[[89.60751 71.11394 73.91084 89.53619 83.80121 73.75719 80.80536 87.2496  83.7617  80.46749 75.67967 70.96456 88.48792 85.46579 86.59727]
 [74.17096 82.36339 77.78629 80.27285 72.98094 71.24049 71.97695 78.32436 77.31174 78.63415 77.64245 87.36485 73.38798 84.49298 77.48453]]
Final rate: 65.367/69.793	  Sum rate: 50.245	Explore: 2.00	Location: [ 9.13437 11.49566] → [63.15238 82.42294] ([80.50593 76.80276])
(151.01  1.073)		(43.64   1.680)		(45.16   1.066)		(50.55   1.052)		(50.71   1.046)		
(50.52   1.046)		(50.36   1.046)		(50.23   1.046)		(50.11   1.046)		(50.01   1.046)		
(49.91   1.046)		(49.82   1.046)		(49.75   1.046)		(49.68   1.047)		(49.61   1.047)		
(49.56   1.047)		(49.51   1.048)		(49.47   1.048)		(49.44   1.048)		(49.41   1.049)		
(49.38   1.049)		(49.36   1.049)		(49.35   1.050)		(49.34   1.050)		(49.33   1.051)		
(49.33   1.051)		(49.34   1.051)		(49.35   1.052)		(49.37   1.052)		(49.39   1.052)		
(49.43   1.052)		(49.46   1.052)		(49.51   1.052)		(49.56   1.052)		(49.62   1.052)		
(49.69   1.052)		(49.77   1.052)		(49.84   1.052)		(49.92   1.053)		(50.01   1.053)		
(50.10   1.053)		(50.20   1.053)		(50.31   1.053)		(50.42   1.053)		(50.54   1.053)		
(50.65   1.053)		(50.76   1.053)		(50.87   1.053)		(50.96   1.053)		(51.05   1.053)		
(51.13   1.053)		(51.19   1.053)		(51.25   1.053)		(51.31   1.053)		(51.36   1.053)		
(51.40   1.053)		(51.45   1.053)		(51.49   1.053)		(51.54   1.053)		(51.59   1.053)		
(51.64   1.053)		(51.69   1.052)		(51.74   1.052)		(51.78   1.052)		(51.82   1.051)		
(51.85   1.051)		(51.88   1.051)		(51.91   1.051)		(51.93   1.050)		(51.93   1.050)		
(51.92   1.051)		(51.90   1.051)		(51.83   1.052)		(51.72   1.054)		(51.70   1.055)		
(51.67   1.056)		(52.27   1.056)		(51.95   1.058)		(52.48   1.060)		(70.40   1.082)		
(99.80   1.139)		(75.73   1.682)		(99.71   1.262)		(47.37   1.583)		(95.97   1.123)		

### Episode 029/030
Stage1
[[86.43484 85.57487 88.3594  74.78937 88.21423 78.93348 85.33573 80.74182 79.61342 82.69039 79.81096 84.15808 82.79113 79.41342 81.27864]
 [77.0866  86.76167 76.37619 77.81768 82.49878 80.77684 86.3697  76.40141 83.98645 80.27017 78.25035 79.133   71.29602 78.14502 70.52392]]
Final rate: 64.982/70.222	  Sum rate: 49.153	Explore: 2.00	Location: [11.38892  8.16849] → [62.81551 83.1174 ] ([81.5854  78.31237])
(30.95   1.775)		(60.74   1.070)		(71.51   1.132)		(63.02   1.095)		(61.71   1.094)		
(61.37   1.095)		(61.06   1.095)		(60.73   1.096)		(60.39   1.096)		(60.06   1.096)		
(59.73   1.097)		(59.40   1.097)		(59.10   1.097)		(58.80   1.098)		(58.50   1.098)		
(58.21   1.098)		(57.93   1.098)		(57.66   1.098)		(57.39   1.098)		(57.14   1.098)		
(56.91   1.098)		(56.68   1.098)		(56.48   1.098)		(56.30   1.098)		(56.15   1.098)		
(56.01   1.098)		(55.91   1.098)		(55.85   1.098)		(55.82   1.098)		(55.81   1.098)		
(55.82   1.099)		(55.84   1.099)		(55.89   1.100)		(55.96   1.100)		(56.05   1.101)		
(56.15   1.101)		(56.27   1.102)		(56.42   1.103)		(56.59   1.104)		(56.77   1.104)		
(56.95   1.105)		(57.15   1.106)		(57.34   1.107)		(57.54   1.108)		(57.73   1.108)		
(57.92   1.109)		(58.09   1.109)		(58.25   1.110)		(58.37   1.110)		(58.46   1.110)		
(58.50   1.109)		(58.48   1.108)		(58.40   1.107)		(58.23   1.105)		(57.97   1.102)		
(57.62   1.100)		(57.17   1.096)		(56.60   1.092)		(55.93   1.086)		(55.18   1.081)		
(54.37   1.075)		(53.52   1.069)		(52.67   1.062)		(51.82   1.055)		(51.06   1.050)		
(50.42   1.045)		(49.87   1.041)		(49.38   1.038)		(48.85   1.036)		(48.18   1.034)		
(47.45   1.035)		(46.46   1.039)		(45.50   1.044)		(44.91   1.051)		(45.09   1.056)		
(46.80   1.059)		(48.89   1.063)		(46.13   1.080)		(41.84   1.095)		(46.00   1.071)		
(42.23   1.096)		(51.66   1.050)		(43.29   1.092)		(62.05   1.024)		(71.91   1.047)		

### Episode 030/030
Stage1
[[85.29729 84.71599 82.52349 84.79684 71.52744 76.49164 86.91502 72.74054 84.05524 83.59124 79.17974 87.949   71.25574 74.25794 81.08651]
 [86.31033 79.11255 78.07268 82.9939  85.18777 86.57992 74.48186 84.05884 73.30617 83.6959  72.6714  76.43655 78.41903 89.59325 82.69099]]
Final rate: 68.452/69.871	  Sum rate: 50.734	Explore: 2.00	Location: [12.8669   8.35491] → [70.51178 79.23761] ([79.46206 80.27489])
(25.59   1.772)		(46.88   1.059)		(58.38   1.121)		(52.63   1.098)		(51.86   1.095)		
(51.57   1.095)		(51.28   1.095)		(50.97   1.095)		(50.67   1.095)		(50.39   1.095)		
(50.12   1.095)		(49.87   1.095)		(49.63   1.095)		(49.42   1.094)		(49.22   1.094)		
(49.05   1.094)		(48.89   1.094)		(48.75   1.094)		(48.64   1.094)		(48.54   1.094)		
(48.46   1.094)		(48.39   1.094)		(48.34   1.095)		(48.31   1.095)		(48.29   1.095)		
(48.28   1.096)		(48.29   1.096)		(48.31   1.096)		(48.35   1.097)		(48.40   1.097)		
(48.47   1.098)		(48.55   1.098)		(48.65   1.098)		(48.77   1.099)		(48.90   1.099)		
(49.05   1.099)		(49.22   1.100)		(49.41   1.100)		(49.63   1.100)		(49.87   1.101)		
(50.13   1.101)		(50.43   1.101)		(50.76   1.101)		(51.11   1.101)		(51.48   1.101)		
(51.86   1.101)		(52.24   1.100)		(52.59   1.099)		(52.93   1.099)		(53.22   1.098)		
(53.49   1.098)		(53.71   1.098)		(53.90   1.097)		(54.07   1.097)		(54.21   1.096)		
(54.35   1.096)		(54.49   1.095)		(54.62   1.094)		(54.74   1.093)		(54.84   1.092)		
(54.91   1.091)		(54.91   1.089)		(54.78   1.087)		(54.46   1.085)		(53.91   1.083)		
(53.12   1.078)		(52.21   1.070)		(51.63   1.072)		(51.40   1.072)		(51.48   1.073)		
(51.65   1.074)		(51.74   1.076)		(51.53   1.077)		(50.41   1.079)		(46.88   1.075)		
(45.56   1.068)		(46.48   1.067)		(45.49   1.074)		(46.22   1.066)		(44.36   1.079)		
(49.38   1.050)		(48.30   1.065)		(46.52   1.056)		(63.28   1.030)		(63.66   1.077)		

End! Time:	445.433
