3.426189728193438810e+01
3.381647426900780573e+01
3.428810253148618159e+01
3.377616424809553308e+01
3.519081438584551336e+01
3.332011502306674089e+01
3.370515113989733180e+01
3.299802829231867918e+01
3.301557435044450983e+01
3.319419285973689426e+01
3.277195373481252005e+01
3.325199849804316443e+01
3.307070933794543066e+01
3.300584770353263764e+01
3.280383452055220062e+01
3.304104937036882461e+01
3.290086193862546793e+01
3.299019066981959014e+01
3.284954767952020660e+01
3.289825374082545295e+01
3.271557565875973950e+01
3.294490819657109171e+01
3.279739945396079293e+01
3.270486949274625488e+01
3.260752553287809974e+01
3.270080098825249593e+01
3.286821005671042428e+01
3.294802285771467609e+01
3.285069321103411966e+01
3.271710782891231872e+01
3.274166358322766257e+01
3.271729033400261955e+01
3.272643203286588687e+01
3.275076535964674207e+01
3.273305014326322038e+01
3.270128961871389350e+01
3.276168628217058654e+01
3.275865244736228021e+01
3.275585493615387378e+01
3.261027426099261817e+01
3.288632101032095534e+01
3.277481252850518700e+01
3.262927773546038424e+01
3.274880649778611286e+01
3.275143089231180937e+01
3.261510277413673720e+01
3.274189272727750222e+01
3.291863512474176900e+01
3.276496653407517812e+01
3.280934468184265995e+01
3.286901499212522282e+01
3.280890020028168408e+01
3.267095110227979404e+01
3.277709003775058250e+01
3.275277952403867232e+01
3.292004054899440746e+01
3.255472026763870019e+01
3.256601551531142746e+01
3.275462338796397432e+01
3.276232963860029201e+01
3.274414009036207318e+01
3.282886114470836247e+01
3.269301176408256993e+01
3.261248750583987288e+01
3.284753449934456171e+01
3.285636275165641251e+01
3.273098134324973074e+01
3.268993039630402819e+01
3.278576370687020614e+01
3.271589192675873647e+01
3.278575267784296443e+01
3.261851533751221410e+01
3.271589659201628564e+01
3.290360161612812817e+01
3.275003438961173430e+01
3.271733491371730196e+01
3.284745985482229713e+01
3.284354450915895285e+01
3.276397306221549144e+01
3.263009714433656683e+01
3.296759982502127428e+01
3.285721267929267242e+01
3.283157572142892633e+01
3.287236549933624019e+01
3.268284863788887407e+01
3.268202528117651440e+01
3.285040635908123363e+01
3.289251565022675550e+01
3.278453017344651954e+01
3.275320287902338379e+01
3.269587558202045585e+01
3.279028771076045956e+01
3.264906911782101417e+01
3.277818135719539328e+01
3.276571626308116691e+01
3.273537666515991873e+01
3.288038539576317021e+01
3.292864051105033241e+01
3.277476148401000700e+01
3.275290458728223086e+01
3.263785466381119704e+01
3.288026442376580860e+01
3.260005819941245164e+01
3.268589658897008121e+01
3.275162517664885797e+01
3.284130627298669935e+01
3.262816885568821590e+01
3.283428076546254459e+01
3.279043957427455780e+01
3.278443558577495764e+01
3.275596413426978870e+01
3.272887613125941897e+01
3.264373400447737339e+01
3.266274852962782660e+01
3.283095091512414854e+01
3.255154361823379361e+01
3.283671400588038836e+01
3.300182767686480645e+01
3.278240621077598149e+01
3.286055050955951629e+01
3.271617182496122922e+01
3.286550641704331355e+01
3.277472404685041596e+01
3.265182537490039749e+01
3.292568146849588118e+01
3.282026473580272352e+01
3.282742245539669312e+01
3.280106921643292139e+01
3.290150150090631342e+01
3.294691058308355736e+01
3.283776251794351708e+01
3.269539626026444523e+01
3.284400656513069094e+01
3.284511923361095143e+01
3.310048698401927680e+01
3.287033378653479332e+01
3.289637621769662701e+01
3.275294551765470175e+01
3.276610609226961657e+01
3.283867538225699434e+01
3.270021446357782935e+01
3.278827847266862960e+01
3.272630662947683788e+01
3.292785524441840295e+01
3.276841334820209539e+01
3.272786447753363603e+01
3.276269658245985994e+01
3.288974886211487814e+01
3.277863465144304200e+01
3.271559439849313122e+01
3.281964761092573468e+01
3.285925774868456983e+01
3.294040220765567284e+01
3.277478432203010072e+01
3.280040131300982864e+01
3.296803938480873342e+01
3.293286364085243179e+01
3.295228923910254792e+01
3.274332002871157243e+01
3.286584213375108021e+01
3.280905652787445348e+01
3.296625969894844843e+01
3.266052633198557942e+01
3.285237444914456262e+01
3.285532700175251364e+01
3.287619302584287340e+01
3.296277865088624992e+01
3.290848136764330434e+01
3.276691948707264856e+01
3.298110290938841871e+01
3.296467159062360963e+01
3.280864894242216678e+01
3.289238621965025544e+01
3.279420737095752258e+01
3.292788441544849576e+01
3.286499904305821218e+01
3.273111927525519604e+01
3.282239480971435341e+01
3.287615238466009515e+01
3.303037264272912665e+01
3.280643247704568211e+01
3.276318189369816025e+01
3.295139372384401355e+01
3.289359992848016390e+01
3.292484072595856759e+01
3.287908796135857159e+01
3.297848237422309836e+01
3.280504125924544212e+01
3.280800114049210947e+01
3.287196153244040175e+01
3.268046574409429894e+01
3.281833890839996570e+01
3.281899077551522481e+01
3.277456370118611062e+01
3.307676942302121148e+01
3.259989097692006510e+01
3.279947852587243062e+01
3.271408525785692945e+01
3.286125682917577251e+01
3.288741962784267514e+01
3.295332425966842038e+01
3.297633596184032001e+01
3.286398178824161675e+01
3.279149747388341751e+01
3.284456836101021793e+01
3.273807331958382605e+01
3.269554760726310860e+01
3.294480999259547360e+01
3.305519598379895996e+01
3.294512930648527771e+01
3.290882212230814474e+01
3.284544488069752077e+01
3.272988232101116779e+01
3.300783271990194123e+01
3.307825347244006764e+01
3.290340067093426768e+01
3.291603380739602613e+01
3.279779829060318974e+01
3.303346261254152694e+01
3.288833150299162611e+01
3.287702428820821865e+01
3.271400754089520291e+01
3.283875393008047183e+01
3.298989352792199981e+01
3.293803818257881488e+01
3.291335401958502160e+01
3.287175491824683604e+01
3.321034634828628640e+01
3.295823505132707254e+01
3.289333055451596266e+01
3.272883795620080605e+01
3.305071347969601447e+01
3.282681626382027673e+01
3.286726087313348188e+01
3.278622167941050236e+01
3.288037541960476062e+01
3.281235510422013135e+01
3.284559606715594526e+01
3.280092547999898045e+01
3.296402221382766839e+01
3.277938746242232781e+01
3.305657592816114487e+01
3.299726201861656705e+01
3.331408616949398294e+01
3.292690515025655174e+01
3.290392008464093010e+01
3.307069327965565719e+01
3.275443724907643173e+01
3.275949838750013754e+01
3.272938502611393830e+01
3.286690609581849287e+01
3.306770572411201670e+01
3.293982795461399604e+01
3.274587069760861624e+01
3.280002519537512740e+01
3.299762783239601305e+01
3.294858952605018487e+01
3.277662696738955361e+01
3.276395934843629476e+01
3.261000939922606534e+01
3.293228353536355968e+01
3.311002627184053182e+01
3.275257695423610471e+01
3.286264601807781105e+01
3.270413325290427764e+01
3.315926699483755868e+01
3.324272620760898178e+01
3.273971306966295458e+01
3.317358241120685136e+01
3.288221464115389381e+01
3.282759819026692583e+01
3.287050549930859944e+01
3.308717663342967086e+01
3.278139459873465000e+01
3.286753592988514328e+01
3.291182874375809320e+01
3.308277064991020211e+01
3.312520143366538150e+01
3.310789109435658162e+01
3.298393507502225930e+01
3.288018701008734723e+01
3.274478377310443733e+01
3.289917672230933476e+01
3.305433898943994819e+01
3.282458764045837540e+01
3.296433892928539677e+01
3.316158808286533599e+01
3.326043692163588616e+01
3.310531161563980618e+01
3.313397620153331502e+01
3.285322335587905940e+01
3.346923849367131254e+01
3.312818655715035021e+01
3.268484715635160853e+01
3.280301342457315172e+01
3.288920184950567460e+01
3.299077788286495405e+01
3.277061047910751768e+01
3.297814672920297596e+01
3.291863866891993240e+01
3.300460834913238273e+01
3.281163769178792222e+01
3.312961351786975683e+01
3.304559613727060707e+01
3.292705115215492384e+01
3.314047140365351396e+01
3.299809893509024761e+01
3.306208223173236860e+01
3.286891327339706237e+01
3.277462375852923770e+01
3.290096060985879234e+01
3.282978075045228650e+01
3.298796673361906784e+01
3.296224165758734159e+01
3.289973064817063175e+01
3.315363090006313485e+01
3.293610079581923600e+01
3.306120076419259846e+01
3.330331252030104139e+01
3.304908677365919800e+01
3.331099689154939369e+01
3.279478352399735996e+01
3.305039549198503579e+01
3.289419369441533547e+01
3.287066473305657865e+01
3.320756257744329787e+01
3.279754285505100597e+01
3.317382000514678708e+01
3.285608601814394802e+01
3.293591360096596077e+01
3.301236486643378498e+01
3.328718907022780371e+01
3.279713613073231215e+01
3.320257762809134761e+01
3.277474559520123165e+01
3.301775044230415546e+01
3.282787814639063839e+01
3.278165987377020230e+01
3.303460553022551949e+01
3.303012949124370579e+01
3.297057540736687997e+01
3.315209687845528208e+01
3.302959137209532514e+01
3.316485553297016509e+01
3.300459096450142482e+01
3.364777819374300094e+01
3.274926374864242717e+01
3.307870458527757762e+01
3.286342399847775653e+01
3.286659378852862545e+01
3.306056071750859360e+01
3.285936522333811638e+01
3.310285040559676162e+01
3.293931871839499337e+01
3.291759433632416432e+01
3.290460893387796659e+01
3.312607653206261205e+01
3.283707496859250341e+01
3.312140354410517062e+01
3.287639146308921312e+01
3.276015803605599075e+01
3.308326788450385436e+01
3.325397147355558047e+01
3.342905750799157971e+01
3.277835773067386071e+01
3.303536121093299727e+01
3.329446891618946580e+01
3.294326448638931026e+01
3.329245674398308097e+01
3.325062733556934802e+01
3.305851760422827113e+01
3.298420084214286874e+01
3.314734123279703226e+01
3.334993038611111160e+01
3.307129964386374610e+01
3.287075963677013135e+01
3.315727700434131719e+01
3.318152742867253124e+01
3.300743987534788459e+01
3.312581403025333771e+01
3.307877059810388687e+01
3.290575838871220782e+01
3.327842269526429675e+01
3.301671237911649115e+01
3.324940369088805170e+01
3.328768280856606765e+01
3.329452090726599067e+01
3.341579216886061232e+01
3.322581006715785179e+01
3.337211289281179205e+01
3.313106397380879997e+01
3.404279243969386215e+01
3.319525774248684513e+01
3.338137012584260788e+01
3.290625721331555553e+01
3.320508326308507208e+01
3.355606832018766283e+01
3.327976220106505423e+01
3.297959910073868883e+01
3.304141753930488079e+01
3.313860487730094917e+01
3.303519843863924876e+01
3.382854773352453037e+01
3.309432333282519778e+01
3.346378696828112709e+01
3.350226177349033208e+01
3.317859010946329335e+01
3.334267202348041792e+01
3.303234367597681143e+01
3.313972807987122593e+01
3.325385283409471526e+01
3.336663892103840112e+01
3.349472297537493404e+01
3.312440597589708347e+01
3.318412063265484591e+01
3.342163606149178179e+01
3.320691524510946380e+01
3.309432523543225813e+01
3.448054384501668324e+01
3.347009804486105367e+01
3.352615768041509625e+01
3.330451963510341784e+01
3.400404954375819244e+01
3.291897052663252055e+01
3.331503781713037426e+01
3.350828604059088889e+01
3.342089823494362832e+01
3.309813180293082269e+01
3.325506267228065838e+01
3.360380697547819295e+01
3.353978879546041725e+01
3.335114998988214552e+01
3.405754279523185346e+01
3.424785227610016847e+01
3.301575230821568852e+01
3.354657979780399302e+01
3.356194769303260017e+01
3.437283218907269600e+01
3.433803402605440880e+01
3.328801227070175628e+01
3.343552668751894430e+01
3.332691128529500446e+01
3.445338865162599262e+01
3.358849601485066927e+01
3.348186595396170873e+01
3.335941583544662592e+01
3.335436133000332148e+01
3.429445968009733292e+01
3.402740374925346600e+01
3.349316387590405242e+01
3.361146065791120918e+01
3.381960536375567017e+01
3.350595896104563565e+01
3.442534983905324708e+01
3.411234112097599791e+01
3.464646405497706638e+01
3.344854505178891202e+01
3.368499622788048242e+01
3.471493690524619780e+01
3.390740434250621860e+01
3.468928781058964717e+01
3.393642665827831451e+01
3.402627015715079040e+01
3.401153713179617455e+01
3.445588325926991757e+01
3.506743045759952793e+01
3.457138195340083797e+01
3.376534492322030445e+01
3.371583821806272852e+01
3.390001490409218832e+01
3.437789621853159616e+01
3.456519304528749359e+01
3.517849686012790045e+01
3.421663555201158857e+01
3.494529802251873463e+01
3.413475825743960002e+01
3.479062817774317296e+01
3.396081815435104545e+01
3.476063606052575494e+01
3.460730966121754193e+01
3.398602681674548620e+01
3.515442147856825272e+01
3.345612382192386036e+01
3.382065799112009330e+01
3.435156044899970595e+01
3.533870864588280369e+01
3.432984033006780322e+01
3.420224632781708607e+01
3.427545490599550249e+01
3.435372487759077131e+01
3.411725030691054883e+01
3.466955287988042045e+01
3.496632496895458075e+01
3.407685429857244941e+01
3.510058966659200763e+01
3.380135552247428876e+01
3.470414610468965577e+01
3.471598229628127541e+01
3.460948938329261182e+01
3.489473208538363025e+01
3.444360508070167270e+01
3.424524953563810925e+01
3.420866791067805934e+01
3.469293365467817836e+01
3.484784752664941010e+01
3.555500807796506990e+01
3.507560045305858409e+01
3.521065035560933154e+01
3.490146782726210972e+01
3.452009887504505059e+01
3.378987108630721536e+01
3.453083630997059572e+01
3.526887684051346383e+01
3.529583053571644768e+01
3.465562937190012605e+01
3.516017212263523817e+01
3.462176523304065512e+01
3.555954778272232630e+01
3.506795223727289823e+01
3.509847540010632372e+01
3.494642545534099298e+01
3.481428390900655501e+01
3.454054416192059307e+01
3.482789937342304398e+01
3.503295291246628551e+01
3.477398465986195220e+01
3.575645975549853972e+01
3.436716907136317189e+01
3.554048420053533164e+01
3.472930854831892589e+01
3.469133494877837620e+01
3.577556204929312855e+01
3.507173064107713856e+01
3.567503033492587150e+01
3.440606744085702218e+01
3.522308070713648931e+01
3.507571051821964403e+01
3.541627811686953464e+01
3.491199720662083905e+01
3.573268778700965953e+01
3.524537159792421903e+01
3.466578887560948630e+01
3.482354031912113612e+01
3.501246990331440401e+01
3.613075248811262696e+01
3.579141302759231991e+01
3.509970323444760965e+01
3.657324073456412350e+01
3.501121647064020692e+01
3.606042167400079990e+01
3.502193201295099811e+01
3.493798868204308405e+01
3.575115219151338408e+01
3.482506132302615498e+01
3.535076155343612214e+01
3.563536387425339313e+01
3.472216003546224528e+01
3.491112499981824158e+01
3.653368516712513525e+01
3.493799167234583081e+01
3.569191372525079942e+01
3.511983167703635189e+01
3.575515982683507588e+01
3.549624820987516216e+01
3.547449617012849643e+01
3.548178270807272838e+01
3.500402253581901846e+01
3.514158708706519008e+01
3.552319183810163850e+01
3.548263950509241482e+01
3.532984293116484764e+01
3.569431432977260243e+01
3.609594044713924887e+01
3.595467481259555598e+01
3.571247243787973247e+01
3.598907769298839554e+01
3.519132427074956126e+01
3.605109651373468438e+01
3.562395374137384607e+01
3.528143368496358789e+01
3.610834710013681814e+01
3.594921437961180288e+01
3.546919365732395590e+01
3.639225818369975229e+01
3.596564208143025354e+01
3.533734679593736416e+01
3.621636270842179783e+01
3.572914167961334186e+01
3.586280881305761170e+01
3.478650088088168246e+01
3.517544041656969256e+01
3.648899500226442427e+01
3.583998299146357880e+01
3.643325628496248925e+01
3.615897731329299347e+01
3.654808367983856243e+01
3.562561917878662854e+01
3.586578204868813913e+01
3.563223923283292294e+01
3.624031841531332532e+01
3.535465756587386466e+01
3.575117596408727394e+01
3.610713332904233397e+01
3.615844464172888451e+01
3.641243749519274786e+01
3.664136729294251893e+01
3.608821157240786448e+01
3.591957115820345336e+01
3.596230506898664459e+01
3.706353860774324716e+01
3.578169640756068048e+01
3.596503325529025119e+01
3.629472091376077003e+01
3.551253525443034675e+01
3.534423173262258189e+01
3.632858908572823253e+01
3.599919223251822586e+01
3.580277763869982977e+01
3.647468125308589038e+01
3.512019369079791886e+01
3.615509104843975052e+01
3.669721991270997563e+01
3.601921181828775076e+01
3.585701582277594923e+01
3.654760391842273037e+01
3.583983302919154568e+01
3.633625394916002449e+01
3.596031471890495368e+01
3.601254010661157423e+01
3.671601882904685965e+01
3.567010643867155295e+01
3.594924297954354131e+01
3.625001412846400228e+01
3.616268726914562137e+01
3.568206513184155426e+01
3.566956799101917142e+01
3.616807570384133896e+01
3.640091885469980326e+01
3.537923018452973878e+01
3.620586606041944577e+01
3.638293044343942029e+01
3.591709325692146848e+01
3.640283228123097814e+01
3.693095569059921246e+01
3.581650681081148235e+01
3.720580588371893782e+01
3.552406841382303071e+01
3.659641538924354620e+01
3.584359827403115162e+01
3.682076143831832127e+01
3.573594508285030003e+01
3.609197866873751082e+01
3.603438386858678655e+01
3.654410783842335064e+01
3.596816231192906343e+01
3.562692527233422624e+01
3.780204532006847984e+01
3.610411553315346822e+01
3.559090979814097011e+01
3.678782087339827456e+01
3.635229733960796494e+01
3.599965346442140657e+01
3.590770401737118789e+01
3.607712965028716212e+01
3.657669531021782205e+01
3.643740495987245964e+01
3.723393971282298764e+01
3.712403657612491514e+01
3.589576421634635750e+01
3.624993053511727936e+01
3.631366522583453360e+01
3.694480294358174177e+01
3.663935485800352154e+01
3.664058509911637174e+01
3.637751976032776469e+01
3.625258521808977719e+01
3.669921687857569026e+01
3.699743986761308179e+01
3.639415134933508256e+01
3.624512623608952566e+01
3.654249587446972924e+01
3.689161678165817193e+01
3.625237843070795662e+01
3.682937706485989082e+01
3.667380760204127910e+01
3.602966705593267704e+01
3.658151083605852705e+01
3.671745941345664477e+01
3.616136895885448865e+01
3.651476411135544708e+01
3.650170007296717500e+01
3.666987081494933420e+01
3.693654280421652203e+01
3.685115646617133223e+01
3.708653478320229624e+01
3.593290264083157126e+01
3.688001694340687209e+01
3.645143207740638047e+01
3.676008534733638555e+01
3.606905445591645076e+01
3.738567860903431495e+01
3.686323959105365589e+01
3.658899481574977131e+01
3.660489344946933699e+01
3.776250616068172405e+01
3.675517855946887380e+01
3.647346831122743538e+01
3.758642866927564796e+01
3.718323802806659728e+01
3.651939747901179345e+01
3.638039341494755519e+01
3.705169218177420731e+01
3.636934004422325017e+01
3.717736097484729640e+01
3.692454820408890015e+01
3.715462795968641529e+01
3.642906660494571724e+01
3.612266628434709759e+01
3.788175721587694511e+01
3.671693367045181589e+01
3.638526869823358822e+01
3.672209241569358085e+01
3.714821560525474808e+01
3.677770378742706470e+01
3.653231296373139259e+01
3.703188165249196118e+01
3.744102816442313042e+01
3.654331907718385963e+01
3.698132452899548639e+01
3.688967718828534714e+01
3.707709728371698787e+01
3.709857442820835871e+01
3.682662507879349789e+01
3.760388509842660199e+01
3.691107182860018554e+01
3.695701143599909244e+01
3.702209261186299472e+01
3.653492737859908601e+01
3.695951724007215233e+01
3.646000590785689610e+01
3.691948013575703413e+01
3.692494664942745430e+01
3.730485300169317497e+01
3.782767801045790179e+01
3.717228043205204102e+01
3.707683754108626317e+01
3.696548888661150301e+01
3.719200477319473208e+01
3.752907774438359922e+01
3.679344034185718471e+01
3.686520431427240396e+01
3.730264238526642373e+01
3.714893344504462647e+01
3.686570497580453321e+01
3.721122595673719502e+01
3.695479252542325099e+01
3.705494736224631680e+01
3.729190406700316629e+01
3.688307936761209760e+01
3.717494218993367383e+01
3.692452689819437239e+01
3.711722814933305870e+01
3.686578054278820815e+01
3.674186713794058790e+01
3.742986295443780165e+01
3.740620393575113667e+01
3.737392542710882992e+01
3.710890139659363740e+01
3.759695555551626711e+01
3.781595833624676573e+01
3.776680357236079288e+01
3.763684411502124050e+01
3.687703699019922254e+01
3.690566519392751843e+01
3.733655158214222780e+01
3.758839282132287707e+01
3.756393287829016714e+01
3.739586379588328668e+01
3.712749413213570904e+01
3.726995935010019423e+01
3.755726824184267088e+01
3.688917708476898838e+01
3.754349334112750824e+01
3.774502779657854745e+01
3.729716047922202904e+01
3.794475172497750037e+01
3.741259473468228691e+01
3.723268246769795553e+01
3.746708395881905318e+01
3.737574435714824972e+01
3.752303778049214600e+01
3.706145062518834976e+01
3.770008290372443582e+01
3.734640623824126493e+01
3.758038145943125130e+01
3.810342988294032551e+01
3.780252308468359956e+01
3.765643550046885935e+01
3.729115148234782851e+01
3.815170894780395372e+01
3.778973682999961881e+01
3.774110619951065360e+01
3.747740780728458532e+01
3.714847356243102183e+01
3.782086959320475472e+01
3.738922430803823715e+01
3.790063365749683300e+01
3.779607934609220621e+01
3.752910490788682552e+01
3.755237995358361047e+01
3.773479772649422159e+01
3.753395174951288737e+01
3.747350665789247870e+01
3.759519992255629717e+01
3.775556371499566666e+01
3.683363349726992908e+01
3.725031561660255619e+01
3.756635519913482568e+01
3.801967544934251464e+01
3.709066332894495588e+01
3.826003330423687032e+01
3.786621858596822676e+01
3.795668674498959660e+01
3.801989350942935175e+01
3.807614977372696785e+01
3.754737956725700343e+01
3.728994355520610071e+01
3.715592981605225020e+01
3.816144786487547691e+01
3.723444565142855112e+01
3.750208414553371483e+01
3.777794262833663197e+01
3.808938088849531312e+01
3.807542026895259824e+01
3.706041042618050341e+01
3.802941103347234275e+01
3.758508863908605946e+01
3.751261283300377158e+01
3.794527694876993706e+01
3.724572540459345049e+01
3.769563781774913025e+01
3.750098128526900609e+01
3.729795045929611774e+01
3.760499396719200149e+01
3.728939013850090589e+01
3.780815438820617658e+01
3.770284991626748905e+01
3.787826177187778143e+01
3.779977301356787223e+01
3.810950931739623826e+01
3.719910090443435990e+01
3.712067848434494977e+01
3.748046911807277581e+01
3.829784412413182082e+01
3.738372602347473617e+01
3.787734893517643542e+01
3.723340036002495879e+01
3.778651409839438458e+01
3.829259528198717533e+01
3.794295941259092331e+01
3.730143671049437870e+01
3.790347458694806448e+01
3.780953855741044123e+01
3.714506934404743532e+01
3.809899153988058629e+01
3.742346763311513058e+01
3.744478734636977890e+01
3.757209246777547662e+01
3.730464525527486330e+01
3.780406858605019949e+01
3.820298884378625104e+01
3.782591542065885903e+01
3.794409376436149728e+01
3.807432165509258937e+01
3.746818865530056542e+01
3.778369026992955071e+01
3.799591939659748618e+01
3.802176440061906249e+01
3.821985480546047143e+01
3.738004322504558985e+01
3.742103029645080170e+01
3.724218452613146013e+01
3.800532446184859481e+01
3.734577633288561316e+01
3.803895679813997077e+01
3.789453526658378735e+01
3.784169076969864420e+01
3.790382030519317169e+01
3.800570203000786762e+01
3.807566112899853294e+01
3.769374367658790703e+01
3.798527944007521029e+01
3.756008252231783473e+01
3.795017838040033809e+01
3.798812725639391630e+01
3.723767732001469710e+01
3.788462122253454822e+01
3.781811719312870679e+01
3.746802916589808063e+01
3.793319853428842237e+01
3.829639266964167632e+01
3.737035132509315360e+01
3.731236414137994473e+01
3.732978215183917570e+01
3.822290893522087885e+01
3.764788456130963823e+01
3.808654033188342680e+01
3.765032685480927199e+01
3.791703290861858733e+01
3.773240126671854000e+01
3.755267582374893465e+01
3.802682100686654110e+01
3.779855828656150862e+01
3.765524170708379614e+01
3.815980136454194849e+01
3.847718380618627521e+01
3.815804489347443251e+01
3.812269151766108877e+01
3.794210293214743501e+01
3.751469408797825622e+01
3.823023090167012583e+01
3.788490705548097282e+01
3.780452966152600425e+01
3.778136219043075528e+01
3.775275388816361044e+01
3.798747027961763933e+01
3.845283657528436549e+01
3.798315553843605841e+01
3.731918724639065488e+01
3.836087776876021849e+01
3.735254844422233589e+01
3.728351619128030592e+01
3.850654665094707951e+01
3.830652735712202883e+01
3.851504615229898576e+01
3.771900675035506367e+01
3.801908166073080508e+01
3.803783762896749465e+01
3.786900226290814686e+01
3.814397690556714338e+01
3.803806000141096177e+01
3.811272937167361619e+01
3.808928307193930607e+01
3.752231346906164333e+01
3.874015931464177953e+01
3.793186367258307712e+01
3.818896230153328020e+01
3.807886157874676769e+01
3.756774256287503988e+01
3.766953795253274251e+01
3.806876300807911662e+01
3.810201207695450876e+01
3.810812746781876115e+01
3.745972185290062839e+01
3.774219594351458085e+01
3.788891514995373910e+01
3.834709239054004826e+01
3.865035843231907364e+01
3.786642701440975145e+01
3.875864760812960697e+01
3.780941242952740566e+01
3.789788011106475807e+01
3.830988821875672556e+01
3.759205375197326049e+01
3.875191685059357383e+01
3.883225103085717222e+01
3.776987425695782008e+01
3.791386191719288945e+01
3.751505526696200121e+01
3.784745053290473038e+01
3.798775306600447266e+01
3.805630076991553068e+01
3.848254852681507288e+01
3.865565057177308006e+01
3.799547273319560503e+01
3.842371939780552026e+01
3.873156115017291512e+01
3.792145777300880383e+01
3.745653598594629585e+01
3.864482796369360784e+01
3.804647264696889408e+01
3.858107856566214622e+01
3.801976656220447381e+01
3.800837994774830264e+01
3.899769786082156031e+01
3.789706887621797904e+01
3.834973785188311268e+01
3.772015207905734258e+01
3.830332587599217931e+01
3.806148538263086323e+01
3.823031537239481281e+01
3.831304508228772931e+01
3.752516989705583228e+01
3.808079982346231418e+01
3.853287766191807862e+01
3.807916608543322923e+01
3.811099460349816326e+01
3.848210583167802668e+01
3.782141331896340830e+01
3.855577329350343518e+01
3.757920771667041748e+01
3.873866924282064872e+01
3.856066384099102606e+01
3.856869302505685226e+01
3.818211075496655837e+01
3.846263335524444926e+01
3.862365327296193840e+01
3.790900492845759828e+01
3.838775044433673855e+01
3.873440596566861416e+01
3.887299458927748930e+01
3.827855432565980465e+01
3.854722144697304742e+01
3.881684477398986388e+01
3.822806928591896281e+01
3.808646457818566233e+01
3.799958670875371780e+01
3.859522363805380252e+01
3.782091373622763797e+01
3.823151706359680446e+01
3.874238539375367196e+01
3.820752225855284934e+01
3.910666254780115736e+01
3.823121037033803304e+01
3.796095956287788198e+01
3.899598696588390823e+01
3.819319341547942059e+01
3.873398484850926593e+01
3.821031168760080021e+01
3.891419221333860179e+01
3.827397749115482384e+01
3.833741404085829885e+01
3.855035461506988526e+01
3.899346685897091902e+01
3.794302419172841923e+01
3.939777424004785189e+01
3.846554073870112944e+01
3.824666192812341592e+01
3.846376978357334053e+01
3.840676722830257717e+01
3.806719263314979429e+01
3.877226512522922519e+01
3.973162861603073281e+01
3.793592184244985788e+01
3.826034620773818773e+01
3.873689222744346949e+01
4.007391895845910312e+01
3.841619829619844495e+01
3.893922775537748748e+01
3.938232024510140405e+01
3.854863838891402139e+01
3.835387203347747231e+01
3.889452219522348031e+01
3.892993087473490732e+01
3.849459199144912702e+01
3.849420936518649938e+01
3.870857760866039143e+01
3.872467124704097330e+01
3.884816540427213738e+01
3.877284695741028031e+01
3.851738459446085017e+01
3.941236187773046851e+01
3.883042622013399381e+01
3.922100958009010441e+01
3.844286107427323884e+01
3.923368618351875625e+01
3.840321769825706610e+01
3.874020662173622753e+01
3.855848124396731436e+01
3.886141312241721124e+01
3.792800377770359432e+01
3.895713545924559895e+01
3.834612689727592283e+01
3.851964960261537385e+01
3.906224038910231400e+01
3.830145865857868159e+01
3.974239100196871988e+01
3.814877303187898150e+01
3.897735859492419763e+01
3.841304269366187896e+01
3.893622785425955612e+01
3.874443237513282412e+01
3.913389853569032795e+01
4.002111228107326468e+01
3.873735338017588958e+01
3.868048733236758352e+01
3.952102706770156715e+01
3.858826222995420352e+01
3.894199280360980708e+01
4.001126062576656039e+01
3.891260020943010289e+01
4.048959701103375153e+01
3.833954447407327848e+01
3.990040597027774538e+01
3.872116070397215282e+01
4.020637089855170387e+01
3.864785274164581352e+01
3.937554182645839518e+01
3.862746565049872061e+01
3.964198754280779724e+01
3.866805013321739892e+01
3.947463764590314383e+01
3.924541183285762003e+01
3.820913399529231214e+01
3.940733272634836482e+01
4.029679937854462679e+01
3.877661185815601641e+01
3.933636327502404129e+01
3.906344541755370159e+01
3.900257793267095963e+01
3.882460727025674885e+01
3.925355848039799156e+01
3.882701579895530131e+01
4.013031506484325917e+01
3.835036934179771606e+01
3.995506319272284657e+01
3.929658227144304306e+01
3.869318720172240234e+01
3.999320995804810508e+01
3.890105010300367638e+01
4.009799959412714543e+01
3.848350869384402984e+01
4.007653074603741317e+01
3.873130825002323974e+01
3.924532696758598860e+01
3.904155012314642903e+01
4.073547422243829175e+01
3.884405255068541862e+01
4.022023583623091980e+01
3.996937904184036938e+01
3.875315962451723095e+01
4.002026596537691461e+01
3.879776250020528749e+01
4.005811752970955553e+01
3.966241408198698792e+01
4.021119336192823823e+01
3.918385495517390638e+01
4.015584223382397511e+01
3.910491197106840389e+01
4.016342506146230562e+01
4.040540307960851152e+01
3.982714761645387824e+01
4.070083976853517527e+01
3.916168101147991365e+01
3.951547750393155667e+01
3.962249601040139169e+01
3.939826349971379926e+01
4.024823065081014306e+01
3.986983421305318132e+01
3.987411178582924265e+01
4.082584758914416057e+01
3.928368304709002246e+01
4.080181864917970103e+01
3.988028424139644557e+01
3.888851178187465507e+01
4.034452218893377307e+01
3.957784740997509942e+01
4.068689312330870678e+01
4.060764156864919983e+01
3.965634188863214860e+01
3.987211134924741174e+01
3.988348185735372198e+01
4.038484880104973485e+01
4.095931792205908550e+01
4.180522196366067789e+01
4.000341166681101868e+01
4.037498907686234162e+01
3.947514525156324794e+01
4.052332263575624438e+01
4.088409677125186903e+01
4.050772273608988883e+01
4.113428654637955617e+01
4.078343030152434068e+01
4.078219124593098854e+01
4.159293589434648908e+01
4.007991091101899883e+01
4.117397657268114131e+01
4.034844637293500824e+01
4.081482590498065122e+01
4.066063805345153526e+01
4.023557439123065649e+01
4.093877248171543215e+01
4.201214050554143142e+01
3.948599353347601948e+01
4.132636787564489822e+01
3.979771756893344303e+01
4.146547744641055999e+01
3.982683502163629186e+01
4.073270713665076670e+01
4.020286247610152230e+01
4.057615614150703465e+01
3.996252333449722016e+01
4.041046978859203875e+01
3.996924503171634768e+01
4.081689464234318621e+01
4.167863629717850671e+01
4.011445512235012956e+01
4.178065478274968569e+01
4.234709518138421913e+01
4.138618208451105573e+01
4.133623945730858651e+01
4.086574112050810470e+01
4.177471727008207125e+01
4.118699848808725505e+01
4.199403971582929529e+01
4.233587450795477736e+01
4.075671791512422715e+01
4.211020176342625376e+01
4.050991955393371313e+01
4.022047260996857432e+01
4.144066885571922398e+01
4.124701304908163024e+01
4.088308556116491133e+01
4.114231407435720200e+01
4.104865350630706189e+01
4.112851866113787480e+01
4.148315925876169530e+01
4.258002890395371054e+01
4.133368880968360060e+01
4.289538501599297149e+01
4.323076484765769578e+01
4.171782353311157721e+01
4.207355923716938406e+01
4.131701316817190417e+01
4.231760877530998499e+01
3.996459330609333449e+01
4.217509045364366216e+01
4.167737579592078134e+01
4.331075634291378407e+01
4.193189483491796210e+01
4.204618708255986093e+01
4.194639352295228463e+01
4.294458947821740935e+01
4.120519352621138154e+01
4.245319240652587922e+01
4.233275329216672844e+01
4.287040810843297578e+01
4.194816443188602761e+01
4.207603823257824871e+01
4.201001337544261105e+01
4.158229547889546751e+01
4.147814691581590552e+01
4.290130768147270146e+01
4.166884421778524228e+01
4.317958823479649766e+01
4.065875773965184692e+01
4.254096800066626116e+01
4.175213725967664402e+01
4.251280157791620695e+01
4.252852551814064697e+01
4.220194097413381940e+01
4.337868399583968682e+01
4.231105377807924839e+01
4.316021921217190993e+01
4.230699310176473915e+01
4.306193044685972637e+01
4.258903909045181280e+01
4.248984869950077581e+01
4.235140353768485255e+01
4.199575189421369004e+01
4.281575351492168124e+01
4.229736872334310505e+01
4.453976732354087886e+01
4.215653468380247659e+01
4.214901950332135527e+01
4.302763395285682435e+01
4.312950976665112535e+01
4.247440726250868437e+01
4.373841731769750396e+01
4.247778534723370569e+01
4.243568402799087380e+01
4.360683211274771764e+01
4.297155714265873172e+01
4.474656326143274754e+01
4.357420724146727053e+01
4.309032109443335656e+01
4.287634190275836232e+01
4.315476580550684815e+01
4.403388727708017569e+01
4.313254019188054400e+01
4.283092696756916240e+01
4.259072688182408228e+01
4.316758614132447036e+01
4.358145651278579180e+01
4.261549391233911166e+01
4.398570352240052017e+01
4.427456206054483090e+01
4.384959594121871618e+01
4.351470944077207292e+01
4.297474218097017484e+01
4.294480151510973087e+01
4.405735733738949733e+01
4.382317448765555667e+01
4.342390881162483396e+01
4.433989201580813244e+01
4.426297103818563272e+01
4.386876076322446494e+01
4.380422566223076331e+01
4.349604272815026462e+01
4.358857930096895217e+01
4.337380168006758652e+01
4.303480219402871398e+01
4.319412629272711257e+01
4.378332588810708614e+01
4.195316388771010452e+01
4.358520416356848415e+01
4.468226198164996532e+01
4.382425684182864956e+01
4.424685695942322639e+01
4.390191527099077007e+01
4.456747670557950869e+01
4.422408009889150549e+01
4.464114237410717578e+01
4.409554973407245626e+01
4.354782954201127865e+01
4.347167008523463494e+01
4.451170948290746310e+01
4.321331528927143495e+01
4.416376464649484035e+01
4.458825224793049813e+01
4.463503004187133882e+01
4.430745592117234821e+01
4.415945613625245159e+01
4.390992892168723927e+01
4.437084042789467730e+01
4.558361452875507069e+01
4.425121844753076061e+01
4.399842091870659289e+01
4.419779956033764989e+01
4.520415356990429956e+01
4.572056499150483688e+01
4.543789682159798105e+01
4.445007698605880364e+01
4.556554121677977776e+01
4.514274414002997560e+01
4.518194746448547505e+01
4.540451595848005439e+01
4.425687396535619200e+01
4.410490346924257210e+01
4.518364083436615886e+01
4.461543287034475469e+01
4.474727221571453839e+01
4.467303394431790053e+01
4.469813248402135031e+01
4.559265193962695406e+01
4.454502868358525802e+01
4.450911574580815966e+01
4.449969947120695934e+01
4.493137905505384566e+01
4.530614942041832194e+01
4.441219658298563644e+01
4.487111556360748921e+01
4.487653805325413003e+01
4.500723550617187385e+01
4.637369315077499010e+01
4.476115358133385769e+01
4.519267964141171490e+01
4.562989853319558620e+01
4.552028556251450198e+01
4.494296986876850042e+01
4.482738769436699755e+01
4.671326688230809054e+01
4.594526737560551766e+01
4.484288281883040383e+01
4.564332010561191311e+01
4.527257675016676330e+01
4.656871198206713558e+01
4.425427054285152195e+01
4.436584208548585906e+01
4.533889392931558149e+01
4.530520996352149155e+01
4.531394198104879223e+01
4.624907927828396481e+01
4.413012397590338054e+01
4.488827014906431856e+01
4.621473556377316783e+01
4.596416092910324380e+01
4.636183404141340247e+01
4.607487523229765003e+01
4.581832341951616883e+01
4.626782338074060164e+01
4.604938883704775776e+01
4.531465377494443914e+01
4.583644791161559340e+01
4.679341151640652186e+01
4.556188699591901781e+01
4.576354613012347272e+01
4.623631127988967648e+01
4.689846138439538237e+01
4.598777432291968381e+01
4.666321873710018764e+01
4.591719238500862588e+01
4.593587358678667698e+01
4.570808909376511764e+01
4.529137947243902573e+01
4.606627463827491198e+01
4.563400265145167367e+01
4.585176740771176895e+01
4.750978774791951764e+01
4.580011755502885507e+01
4.648512854035013930e+01
4.618569427138760375e+01
4.616437487915764137e+01
4.707835727235522683e+01
4.648367547784483378e+01
4.793905245533794357e+01
4.679956102329774126e+01
4.664441620187770354e+01
4.635622826890868708e+01
4.613714344479132734e+01
4.670657880908387227e+01
4.699311904599860412e+01
4.662889623856780474e+01
4.628987968769568084e+01
4.624474098259198485e+01
4.643306652539128265e+01
4.666799350424128789e+01
4.590432909389088678e+01
4.687140261020404353e+01
4.704582686114324730e+01
4.724646771726989414e+01
4.849161195112106526e+01
4.665574256766525707e+01
4.720713301677494655e+01
4.699655319455519020e+01
4.683343789378362487e+01
4.707063597861275639e+01
4.721322282580948126e+01
4.670059111676223296e+01
4.706965045977844397e+01
4.791101581084246419e+01
4.739358098659374718e+01
4.739020129918856128e+01
4.727215078417943772e+01
4.645930852424310586e+01
4.793315354101734016e+01
4.602875538178304993e+01
4.714636354561898202e+01
4.697759807648633767e+01
4.676032015444183543e+01
4.786073519275197441e+01
4.764553887964506629e+01
4.706020196550521462e+01
4.717316457673468477e+01
4.712134802671302225e+01
4.654326613989439210e+01
4.719064397825773227e+01
4.682607204139517876e+01
4.836484858829789601e+01
4.781342242278533661e+01
4.781802472685802741e+01
4.713988551381025616e+01
4.678841504684718444e+01
4.758000929044141714e+01
4.590949925257189079e+01
4.740249993706974863e+01
4.763486544647430776e+01
4.731915826337451847e+01
4.778435460657355094e+01
4.774232629060540489e+01
4.701879419893426615e+01
4.732451127740018393e+01
4.829101782446294067e+01
4.771993037483134259e+01
4.779989948417750867e+01
4.779488603057545504e+01
4.822028344039070191e+01
4.714432374796513159e+01
4.752663315735416205e+01
4.822920086757452651e+01
4.819722544288525512e+01
4.771493827994144965e+01
4.853584087298862215e+01
4.746164217846925482e+01
4.813805090167956990e+01
4.876386185779361426e+01
4.780953460936284927e+01
4.730992146517829156e+01
4.797368922904762201e+01
4.749476276164543975e+01
4.772874571815543021e+01
4.891459314709636885e+01
4.763739915336128661e+01
4.765915642911318173e+01
4.795848826326369618e+01
4.847043883934853170e+01
4.868010708469510206e+01
4.830919259824909773e+01
4.726107565090124751e+01
4.924536580742895353e+01
4.883350928783920608e+01
4.778779495702840308e+01
4.817278667171328976e+01
4.874508230317308488e+01
4.850797518941154607e+01
4.835090684576263698e+01
4.832559942675123210e+01
4.824611429893252534e+01
4.890146761022585764e+01
4.847456536546145855e+01
4.919385606864395299e+01
4.875240912469193688e+01
4.885274724438868788e+01
4.821674802632907841e+01
4.759726909912922110e+01
4.922816962392654716e+01
4.890849295764561333e+01
4.847608321046867985e+01
4.846621542253325998e+01
4.890910939279028469e+01
4.809721172092120156e+01
4.928509661789062335e+01
4.822420181325118449e+01
4.863721916894363062e+01
4.831781310550984898e+01
4.870346530970817867e+01
4.877333983070217016e+01
4.932500247218813172e+01
4.869299206338091324e+01
4.914921812932184508e+01
4.807988856902449015e+01
4.831113543561431811e+01
4.767279231906587000e+01
4.797118181585071994e+01
4.991793553056817956e+01
4.854640561856690795e+01
4.851732715727526823e+01
4.821818882392965122e+01
4.873142683428531541e+01
4.967511078682444037e+01
4.907349323566646859e+01
4.844840981957630532e+01
4.919611019449745726e+01
4.869214270300807357e+01
4.851731926380185911e+01
4.846596233743174764e+01
4.901044533123113212e+01
4.927636319170871815e+01
4.871136019421248164e+01
4.915983188683041050e+01
4.905826048511163862e+01
4.920259416913395967e+01
4.950925974875953983e+01
4.936457730432918112e+01
4.842325173231283486e+01
4.979136109064005922e+01
4.909280425988492880e+01
4.967715999288291329e+01
4.891656984436627198e+01
5.056053891065353412e+01
4.931447295993068280e+01
4.933558813720421909e+01
4.983719635067963338e+01
4.961236923775022944e+01
4.905548009731662518e+01
4.931732734382304528e+01
4.831897746085861911e+01
4.904896117749815687e+01
4.911077851875479894e+01
4.835361726652836012e+01
4.961005902435686465e+01
4.886411021999288806e+01
4.963942149222246059e+01
4.898502609995028223e+01
4.919903284566273527e+01
4.967407330989895797e+01
4.951186672147876777e+01
4.937573677704674679e+01
4.893107426046636732e+01
4.921516016971876439e+01
4.905869785920860693e+01
4.933750630327918429e+01
4.881973107042103521e+01
4.955247169185033584e+01
5.000497398659806692e+01
4.895885709377156303e+01
4.927614228835213339e+01
4.920667750835695387e+01
4.941200528708641571e+01
4.994600052544766555e+01
4.904980125463350049e+01
4.972885322692480514e+01
4.904179702463487445e+01
4.949736625014623570e+01
4.979376043302801946e+01
4.903209973539959776e+01
4.996949234103126258e+01
5.045877813595657102e+01
4.964033329653564408e+01
4.999557170234105996e+01
4.955250266846498874e+01
4.985923588196106948e+01
4.999535021318487793e+01
4.955873657199222748e+01
4.986313438898973516e+01
4.983741737224342927e+01
4.939516972798568872e+01
4.958975894144164442e+01
4.951967946529759246e+01
5.014037182346864086e+01
4.970200364566357365e+01
4.972330530293721296e+01
4.919207397839522145e+01
4.984291207969391735e+01
4.979586616531626220e+01
4.953710740926116074e+01
4.917972760267163324e+01
4.956664431164163886e+01
5.072300854997784825e+01
4.925139731808607735e+01
4.983804182268400496e+01
4.936871547422170181e+01
4.993625454058008017e+01
4.942365651307355989e+01
4.954382332659871935e+01
4.998377546904644930e+01
4.978891416855834962e+01
4.988661788453160284e+01
5.027693730853274445e+01
4.992634227316685980e+01
4.887873660856248392e+01
4.943594608614145614e+01
4.952966528313032057e+01
5.029161778514193770e+01
4.895305921747758759e+01
4.953600602458256930e+01
4.978944505754387961e+01
5.011631816206340773e+01
4.990527445850965194e+01
4.913304329288620664e+01
4.939733119905701386e+01
4.932506385310777119e+01
4.988998711545552567e+01
4.926314505668123900e+01
4.958079800856859976e+01
4.969053497996467428e+01
4.962860786385927270e+01
4.955363040399337393e+01
4.915631375762037436e+01
4.948396221021719299e+01
4.976691467025329274e+01
4.978410086271085078e+01
4.870020100967070675e+01
5.048423052762343843e+01
4.988718571860236750e+01
4.835169268407953069e+01
4.985997158450448552e+01
5.028125765221345489e+01
4.894338835926625109e+01
5.029362051793436450e+01
4.924128185116371270e+01
5.031052687550201341e+01
4.936817944003946934e+01
4.958357542665820716e+01
4.959310703392152675e+01
4.968869711064073869e+01
4.989218125741467702e+01
4.928567604322155660e+01
4.947409647052676718e+01
5.025796540436048332e+01
4.900021766385529531e+01
4.986933583392124802e+01
4.944225762194106011e+01
4.971503739907382879e+01
4.911998877982012601e+01
5.001876992046947379e+01
4.978472702576927134e+01
5.026813766496209013e+01
4.937727044559726863e+01
4.893125336320056817e+01
4.960153234017336388e+01
5.008993320584800557e+01
4.940407696265324944e+01
4.975424644235105376e+01
4.992145452491399737e+01
4.907094161266181231e+01
4.919983866803612926e+01
4.954250798134242473e+01
4.932212971147530567e+01
4.924356860805436753e+01
4.880275824121396511e+01
4.889419740661936942e+01
4.952552612853666858e+01
4.929877887992872587e+01
4.961654675712080120e+01
4.964273604300765896e+01
4.945834610350780736e+01
4.907146621133778552e+01
4.962943181471757015e+01
4.861952244055760275e+01
4.945978216434138375e+01
4.885294244150266962e+01
4.906497149803507796e+01
4.931334269636162304e+01
4.917659640482099093e+01
4.923559216020503015e+01
5.029106116842803686e+01
4.883762967733187565e+01
4.877837316005008717e+01
4.948617662808590012e+01
4.844126985096927740e+01
4.946432342052263920e+01
4.904538293629733658e+01
4.889852205900724158e+01
4.882391533307882270e+01
4.922777913838838515e+01
4.968344126437136765e+01
4.814987350267012545e+01
4.920947114142688150e+01
4.892575259501524698e+01
4.946852677557502886e+01
4.874406960811632672e+01
4.868440656635381458e+01
4.957699411826337155e+01
4.965449462895979593e+01
4.903866358657122504e+01
4.924078353822098819e+01
4.914374520069893748e+01
4.887665928159660211e+01
4.981667565096289962e+01
4.829892059070133570e+01
4.823808398898594874e+01
4.928975094052807293e+01
4.945981045561473621e+01
4.899295092542897123e+01
4.879881830464568537e+01
4.935033719930724772e+01
4.910659087188719241e+01
4.880769985398627142e+01
4.942104159573719357e+01
4.912600470539086928e+01
4.900280243179062722e+01
4.914161534236527729e+01
4.859392278518596697e+01
4.955684986751904120e+01
4.904720474410833475e+01
4.788646731595924422e+01
4.896876511299463175e+01
4.921055735524985408e+01
4.931355001824397277e+01
4.937350761111921571e+01
4.894105529300344415e+01
4.924908770792543322e+01
4.912581368997860665e+01
4.839965300200155696e+01
4.863778376022570882e+01
4.913765594519015423e+01
4.920597889638745670e+01
4.792073765673498542e+01
4.866203539981020043e+01
4.826012898883673330e+01
4.870965213539317773e+01
4.968919069611936123e+01
4.896061703883178495e+01
4.829785229046446915e+01
4.870100157305126487e+01
4.847454809490771055e+01
4.833109202185321607e+01
4.876049914782013417e+01
4.875511753373555734e+01
4.800057835286231978e+01
4.892473289846374485e+01
4.814230330820006287e+01
4.839020015231569261e+01
4.857752927671089793e+01
4.855611151427576289e+01
4.836661459035102695e+01
4.936693717509580637e+01
4.814791206144316504e+01
4.903816631089366496e+01
4.839445441089775812e+01
4.812506650631116401e+01
4.883199016498261358e+01
4.858512598762671075e+01
4.810066766642171388e+01
4.840034127371284711e+01
4.913269732588653227e+01
4.809740683801296512e+01
4.895489792224920222e+01
4.873683013124534114e+01
4.765306284439002127e+01
4.762459172026059662e+01
4.811233645428507799e+01
4.864907097320048024e+01
4.735889209906672193e+01
4.884494406648506271e+01
4.821156751707779620e+01
4.898781456919589772e+01
4.889301383909300114e+01
4.875690860806714255e+01
4.867614020855736356e+01
4.912923617990374936e+01
4.790117945895348583e+01
4.813254330959360061e+01
4.865786741230057544e+01
4.876499472248399059e+01
4.800049533838784299e+01
4.748401338275986205e+01
4.761073801108215520e+01
4.853166010150145127e+01
4.864638894686201809e+01
4.892502112602769415e+01
4.864150834534543577e+01
4.797712527063806220e+01
4.788256057646632513e+01
4.870096568715138829e+01
4.797537859901341051e+01
4.890000890325029559e+01
4.844350382477374950e+01
4.906790143875963395e+01
4.867574602202623169e+01
4.805919984981416349e+01
4.783616612590864037e+01
4.824715487133242675e+01
4.771990543785582872e+01
4.791645165825924124e+01
4.870035700733881612e+01
4.793572867696142481e+01
4.786111768741657357e+01
4.790309467193142723e+01
4.819789491565556006e+01
4.827627588822979021e+01
4.845211452943131292e+01
4.769917304937480651e+01
4.736857754482650762e+01
4.841204201337822610e+01
4.883551414409387093e+01
4.865102096845530610e+01
4.815924046419143423e+01
4.881264625443285610e+01
4.751281705599182459e+01
4.698813939421236086e+01
4.789584527784629131e+01
4.801378110613556061e+01
4.737548896082885364e+01
4.752518174008852014e+01
4.774064469084248685e+01
4.896957815187504792e+01
4.852516231240015543e+01
4.784346150921487606e+01
4.828811401446796481e+01
4.814238080646793350e+01
4.787548738034176665e+01
4.856160227061818091e+01
4.817955606810268421e+01
4.694802832307412643e+01
4.762582806536360636e+01
4.690977089013572510e+01
4.663733024017518147e+01
4.825625740280958809e+01
4.780105469105858873e+01
4.757923533983397846e+01
4.853331510562259865e+01
4.732768211315636364e+01
4.752769296443230473e+01
4.788398184009078307e+01
4.708789181909779842e+01
4.729177986737481376e+01
4.738952736780076691e+01
4.813025571426244653e+01
4.827586359974461772e+01
4.762219523752670369e+01
4.707243338573982072e+01
4.716992637220626960e+01
4.696537044602680311e+01
4.793342967268259258e+01
4.721592656107937813e+01
4.749338490409909497e+01
4.709700697777870460e+01
4.862407601923837319e+01
4.790669245172278323e+01
4.680145195672440650e+01
4.835483056529477608e+01
4.776263117627041055e+01
4.781018745165649619e+01
4.793481524698659513e+01
4.803155981387958207e+01
4.716178445419418352e+01
4.768236875640130279e+01
4.775476861929099215e+01
4.779255108085052228e+01
4.787486720710636945e+01
4.721411071518182467e+01
4.826473775507687947e+01
4.794939497504365988e+01
4.693787590779429308e+01
4.773178661763721919e+01
4.699305522769657273e+01
4.840370849216618154e+01
4.725953817223348352e+01
4.694817829825173305e+01
4.835677223409348358e+01
4.714052823448275831e+01
4.806550421112525129e+01
4.698325328735305817e+01
4.729540972358351780e+01
4.688349574163449063e+01
4.776917201290974901e+01
4.728428646475064312e+01
4.757225765635860171e+01
4.782776586783278816e+01
4.712513746056072961e+01
4.666513143032342015e+01
4.768921177637506048e+01
4.829998149842732857e+01
4.774718815198902888e+01
4.773926828819564605e+01
4.691714917006223118e+01
4.738548350991460012e+01
4.765830402497750384e+01
4.766976079556393131e+01
4.755412395276312765e+01
4.738435632183322355e+01
4.728127917564017935e+01
4.660588702472235667e+01
4.629747556197745695e+01
4.704942383038861209e+01
4.727836266281488520e+01
4.643952054105370308e+01
4.692132660300664071e+01
4.717513595244103897e+01
4.705578683253200722e+01
4.746298806020978134e+01
4.750765247696833882e+01
4.714768122784821003e+01
4.776643955945756659e+01
4.764546623754537080e+01
4.731421761525590597e+01
4.757351160402777168e+01
4.720972716995066065e+01
4.643741796031950742e+01
4.799210917037797941e+01
4.766292171969152491e+01
4.693523717828380626e+01
4.701635149142973802e+01
4.658736365263987267e+01
4.775096256466834888e+01
4.810478133592024363e+01
4.696709225216710593e+01
4.750681651503040825e+01
4.622761101845673437e+01
4.740528971827573912e+01
4.704163762613728750e+01
4.696724279739793673e+01
4.640075273688157154e+01
4.632412040168158995e+01
4.742381557819008009e+01
4.648244713870908384e+01
4.736524690026993056e+01
4.663520977381951127e+01
4.711129127160169361e+01
4.692332073629562927e+01
4.718889848275657073e+01
4.696861532861763777e+01
4.695272257521838810e+01
4.698975811621545517e+01
4.767770843766243161e+01
4.751095100533569138e+01
4.657316101420487087e+01
4.715436582730984583e+01
4.663239838511083946e+01
4.680300741781107376e+01
4.771354233694714253e+01
4.651893274510454290e+01
4.714833845768234255e+01
4.715351345010572715e+01
4.646717041460765785e+01
4.725188423515348290e+01
4.669138614588823799e+01
4.695336601244299146e+01
4.655087795478158341e+01
4.665082140136269118e+01
4.554219699030896606e+01
4.706660605981442558e+01
4.605408873781119183e+01
4.782132409484142244e+01
4.717989001304713526e+01
4.681966494518624700e+01
4.743487977143163192e+01
4.693273308558386248e+01
4.730533728545887584e+01
4.732518451453696429e+01
4.654897351255041826e+01
4.630814841162680295e+01
4.694360071004557255e+01
4.601003604337501685e+01
4.648719115634977328e+01
4.760615711366089897e+01
4.656832435890124344e+01
4.703572217286132684e+01
4.624836916541799781e+01
4.697130034986810898e+01
4.712467241657208916e+01
4.636869401739610197e+01
4.632819710878236208e+01
4.721825997264102881e+01
4.688407772375411042e+01
4.680913863896448390e+01
4.639151650765911228e+01
4.710471307139816588e+01
4.746873523351874979e+01
4.609716588594356068e+01
4.624798370158426053e+01
4.643506050129801110e+01
4.714822032925767559e+01
4.628207824268503856e+01
4.718127511359153914e+01
4.748836140052859633e+01
4.699479649525379443e+01
4.686269525538605762e+01
4.634550388111077268e+01
4.625678829198572828e+01
4.699374281525956576e+01
4.752736177779652138e+01
4.699766902736045893e+01
4.652773632805544679e+01
4.685682971281107712e+01
4.692876673253212516e+01
4.670255360646307707e+01
4.696425640597875883e+01
4.658058322845108989e+01
4.671112353537872508e+01
4.725960318055494724e+01
4.709007083706558916e+01
4.620734770240686373e+01
4.703659570593917749e+01
4.716224725651925098e+01
4.654570247559056639e+01
4.573202295166136366e+01
4.666468661707658327e+01
4.698934702523858675e+01
4.630266914017322222e+01
4.652872456111746402e+01
4.605463563778075553e+01
4.706984830106276974e+01
4.638065478311986567e+01
4.662444233521223680e+01
4.654678404238023859e+01
4.658362407579924991e+01
4.702981607650126250e+01
4.656323100470689980e+01
4.676029422351572151e+01
4.655380668450443693e+01
4.695648811928026589e+01
4.721294894607314774e+01
4.631994177274234659e+01
4.626275225905499155e+01
4.656917801845276728e+01
4.642852140173865649e+01
4.636722783593703667e+01
4.614770021625206198e+01
4.637935378586348634e+01
4.722734265068481108e+01
4.739340460226256369e+01
4.565008078241687883e+01
4.605254159128491409e+01
4.590065524459687651e+01
4.557020153245107252e+01
4.689355993711636472e+01
4.656054124005924422e+01
4.619158299048027061e+01
4.605308365338772347e+01
4.657156647784693604e+01
4.617760955748770613e+01
4.673006901225059551e+01
4.609941519397732890e+01
4.736602444743779472e+01
4.592915606805787831e+01
4.723699466378010214e+01
4.589982969347190789e+01
4.666165360212618651e+01
4.660765568829904026e+01
4.608049380251306815e+01
4.622082812365451332e+01
4.650950702829968009e+01
4.682578577580539303e+01
4.613606711198723787e+01
4.696572043640924932e+01
4.668597797053772069e+01
4.649193844326867264e+01
4.613123747531088981e+01
4.654993802367824429e+01
4.640194067121164778e+01
4.634909154798060626e+01
4.676544289395315701e+01
4.658871642566485605e+01
4.675203731491623671e+01
4.692782385607455353e+01
4.531579690725454412e+01
4.668801551573712771e+01
4.667484782212751071e+01
4.641241165944788349e+01
4.619158878110533095e+01
4.598489903225733144e+01
4.688455581795437155e+01
4.647801830504508303e+01
4.546290641149548151e+01
4.672171760754093128e+01
4.647057037915790545e+01
4.706066608991284994e+01
4.658895695740734055e+01
4.688493282642844662e+01
4.627232005276798787e+01
4.702518255465836461e+01
4.577862779503140445e+01
4.664813498204933495e+01
4.701126905722818350e+01
4.597445211972951995e+01
4.579057189342478296e+01
4.563992178147435652e+01
4.586359477185671807e+01
4.622344079332744826e+01
4.583664208874632351e+01
4.709083197048255442e+01
4.611592708833023124e+01
4.661382171646142325e+01
4.600502411394102609e+01
4.649676046461231493e+01
4.633057790523050556e+01
4.612359042659049635e+01
4.675545091016243049e+01
4.619937130657152125e+01
4.667097699628973118e+01
4.561947955814236622e+01
4.557574873583151032e+01
4.604780995904772567e+01
4.635743825764900095e+01
4.627735771765779305e+01
4.673622739413318783e+01
4.636152413504078140e+01
4.693915159905691326e+01
4.545197288713284678e+01
4.642269300446864122e+01
4.675501879340243505e+01
4.623558714411817760e+01
4.668356261213692449e+01
4.616884656361676775e+01
4.573405637439153537e+01
4.652905050724591973e+01
4.602977938691795146e+01
4.685421318541036584e+01
4.648144978621414225e+01
4.610157710309303525e+01
4.590123638279723650e+01
4.604747405183802300e+01
4.718067108232995110e+01
4.600688672619664032e+01
4.656854171650905272e+01
4.637242666345530751e+01
4.669875991992303454e+01
4.600634773236164676e+01
4.593495836659700871e+01
4.647225233599878891e+01
4.599487124681542838e+01
4.599233652821830276e+01
4.602593298162732793e+01
4.649593789727413906e+01
4.652114887948759048e+01
4.585421605546295609e+01
4.534301168520661207e+01
4.635906851192521572e+01
4.635398814921482114e+01
4.659038726881755821e+01
4.626583249235577711e+01
4.564121999005762120e+01
4.627324340010383708e+01
4.615469406037821187e+01
4.654502129405749855e+01
4.673879558165478443e+01
4.599674347155799836e+01
4.601484975670233979e+01
4.603245787751230722e+01
4.552294693176953189e+01
4.596972879240797738e+01
4.580313330377443748e+01
4.575660664260920640e+01
4.542811527084306533e+01
4.567901701783463153e+01
4.585809188314652118e+01
4.617293296089987109e+01
4.570505020212162606e+01
4.681214535514662600e+01
4.641036228836370015e+01
4.637866200414811146e+01
4.611442328329250984e+01
4.536447370944044621e+01
4.638906907434072480e+01
4.615217944366840896e+01
4.541428088788726569e+01
4.569419186709271941e+01
4.576047539500660832e+01
4.657576649357224596e+01
4.556114766235270963e+01
4.607986495518920123e+01
4.635819672678555747e+01
4.610150849433625808e+01
4.595224088430986598e+01
4.589301442941048492e+01
4.660422509528667945e+01
4.482498417299549942e+01
4.676667873937988418e+01
4.543261452920325638e+01
4.648875273197278091e+01
4.677388755157437572e+01
4.609079020963472573e+01
4.589540608118396392e+01
4.577861366917913699e+01
4.550374563191643063e+01
4.565863842674594508e+01
4.585635943623923794e+01
4.602531378653925742e+01
4.568075382440264320e+01
4.584638305314454243e+01
4.564677316798677253e+01
4.619600383686244527e+01
4.634090451085353379e+01
4.651800746135679532e+01
4.559469116091545970e+01
4.686212972512645081e+01
4.629474854612012535e+01
4.566344901337709672e+01
4.613783816288566442e+01
4.554003635301286579e+01
4.558570946675665425e+01
4.634189668596479095e+01
4.621150811575340356e+01
4.585342059566175266e+01
4.677940471963561464e+01
4.503078527217910221e+01
4.602366840573071727e+01
4.622623809778308868e+01
4.547850346340840844e+01
4.475381902953388646e+01
4.622389226629391601e+01
4.626204465132679644e+01
4.571379462542371641e+01
4.629949340880312292e+01
4.572858826864988657e+01
4.666564291385948593e+01
4.588654205163759769e+01
4.676083983882863038e+01
4.630919071768614259e+01
4.640830201084425255e+01
4.629115678393752376e+01
4.586529548107407805e+01
4.595470770303211339e+01
4.589076848316238255e+01
4.558760930863538618e+01
4.627334486165901239e+01
4.581630501588482929e+01
4.631908368333786541e+01
4.649934014442813890e+01
4.571245445310506739e+01
4.667445574628214899e+01
4.614737663007687729e+01
4.540023125737975818e+01
4.649229747439351712e+01
4.626710099204507998e+01
4.623364745044753477e+01
4.670325169713937186e+01
4.592051946096047033e+01
4.447985329366384377e+01
4.660554584350213503e+01
4.598287959868436303e+01
4.584265412980166587e+01
4.537230167284622695e+01
4.611802499245687414e+01
4.522112479691968190e+01
4.563579322925709647e+01
4.623120843298290339e+01
4.651760769969924070e+01
4.591651366565380243e+01
4.602443324312711326e+01
4.537066633714541553e+01
4.619028272817763536e+01
4.545960109877452027e+01
4.570033078674331506e+01
4.530491380015556047e+01
4.525334577940137137e+01
4.617782699691689174e+01
4.558451542636409215e+01
4.588186530673547026e+01
4.555274523292392530e+01
4.609935384178876205e+01
4.556581297285618604e+01
4.583332846369699354e+01
4.623652230627908466e+01
4.500695712331042131e+01
4.665251366053630022e+01
4.575235012463424056e+01
4.503449072603934411e+01
4.574229585882819293e+01
4.472863313249197859e+01
4.580492625384285077e+01
4.525670575951354380e+01
4.529927642005387156e+01
4.511964162857324823e+01
4.500888958031649167e+01
4.651985936648002706e+01
4.587046813364122499e+01
4.571668025792715895e+01
4.659552856710758562e+01
4.548275840903794176e+01
4.493967262613166014e+01
4.649652280491709888e+01
4.526028028362402722e+01
4.611159095931090945e+01
4.587311938212940277e+01
4.575825071108488373e+01
4.572809684114403694e+01
4.547081424413072881e+01
4.623206211908995300e+01
4.655762433065028461e+01
4.529677898569342176e+01
4.606121637968253424e+01
4.546352551479576221e+01
4.597488160070837182e+01
4.537138344884576924e+01
4.615390502088673941e+01
4.499637735254513871e+01
4.495373816258853594e+01
4.625789389327203338e+01
4.551516322303262285e+01
4.483865268705146434e+01
4.534982489167099118e+01
4.579400512816811641e+01
4.609059435573244912e+01
4.571230641414409490e+01
4.518650105447628818e+01
4.533781705729503386e+01
4.596429714738589212e+01
4.525997278210915198e+01
4.580323632190354033e+01
4.593876852764626761e+01
4.574243434045517631e+01
4.550820188833882440e+01
4.663858972756300147e+01
4.530236901022038865e+01
4.570444866420013597e+01
4.610255233885589377e+01
4.578060211648655553e+01
4.498364767120708052e+01
4.564018877029734966e+01
4.590293491694291816e+01
4.552928062785063901e+01
4.580678281395076112e+01
4.625722344564387356e+01
4.489590742716863758e+01
4.577148266268727639e+01
4.487054543089200109e+01
4.529934886771345504e+01
4.525115109411550662e+01
4.565974893523698341e+01
4.553298264724293887e+01
4.545637521838996520e+01
4.577117950087517784e+01
4.559837821743936814e+01
4.495183185320957620e+01
4.640516040597960767e+01
4.479441243368329140e+01
4.628098315857477019e+01
4.529573934359176945e+01
4.519053021448721097e+01
4.623177031367150391e+01
4.478821585828252694e+01
4.492623090517648876e+01
4.573457985801577053e+01
4.572240213743417314e+01
4.598280736037439453e+01
4.563561971712572074e+01
4.594345715126341645e+01
4.483313082515332582e+01
4.556743977141659485e+01
4.603205043854561751e+01
4.597557014494713457e+01
4.519334830912291778e+01
4.573230996155673722e+01
4.481656206595546621e+01
4.523539062496276131e+01
4.510738079937233636e+01
4.560783165083924473e+01
4.497015961437365661e+01
4.475746885659945207e+01
4.588228887068414963e+01
4.435404018461846931e+01
4.635682863977709900e+01
4.590611325576396951e+01
4.613522783839193409e+01
4.471712828169417975e+01
4.546054294835555254e+01
4.554304286250035716e+01
4.524564902881392925e+01
4.543363657137303591e+01
4.534455431336481723e+01
4.637123347481281854e+01
4.442422726026101998e+01
4.618442163755033647e+01
4.431445830996873525e+01
4.514243579433794196e+01
4.561016478049086231e+01
4.516826390201811847e+01
4.474387722373303689e+01
4.606274322016879808e+01
4.528472528407675668e+01
4.573592637740382116e+01
4.522678304797100424e+01
4.569034853591907108e+01
4.573875143297860291e+01
4.533303609128871159e+01
4.518777556082810065e+01
4.500064313140834571e+01
4.562365951772288497e+01
4.546496096118479358e+01
4.499539567107434124e+01
4.526663595070858293e+01
4.591032975359515689e+01
4.536102126890650510e+01
4.414255393428185670e+01
4.502209000506261560e+01
4.550952406081691493e+01
4.583649684141216341e+01
4.491883784314239136e+01
4.518464475501266264e+01
4.448865407535084415e+01
4.440475363167750089e+01
4.566342914486304494e+01
4.552365396973688405e+01
4.512566227299927135e+01
4.526758659464632473e+01
4.513992234082007826e+01
4.441218365932500234e+01
4.625100709680834399e+01
4.523637594415179564e+01
4.523965013413495484e+01
4.572758602314251419e+01
4.624286561816889929e+01
4.479385794251329855e+01
4.534923864740274269e+01
4.609376872829938776e+01
4.495565285138399503e+01
4.511701106180254328e+01
4.536265119966422787e+01
4.410191760870125677e+01
4.585383630182143833e+01
4.485280286438536024e+01
4.450682119981711793e+01
4.488914727408044314e+01
4.472394876928290586e+01
4.526179706282558612e+01
4.572061788107689040e+01
4.533968141625995685e+01
4.586942243333524516e+01
4.556559208563295016e+01
4.557561811565685872e+01
4.596894982942617958e+01
4.489917543879631268e+01
4.553598217378166169e+01
4.530617104014146435e+01
4.508130677396007258e+01
4.587182215657449547e+01
4.487195191479613499e+01
4.590783752389720007e+01
4.507900735308705720e+01
4.504218856340678201e+01
4.507624247411264662e+01
4.473215228817574740e+01
4.485205723492164509e+01
4.503229937910224834e+01
4.541148738413553332e+01
4.529610596837733283e+01
4.540124081366525388e+01
4.451329600504963935e+01
4.582905792003891321e+01
4.548467042270615224e+01
4.548842896036109806e+01
4.526126244486963657e+01
4.550838267039731022e+01
4.589663630840789210e+01
4.468531461694390572e+01
4.500949825451731101e+01
4.440383779387918395e+01
4.563352576294735741e+01
4.568011130882261028e+01
4.399068818680965620e+01
4.516685391450943143e+01
4.595822353913215608e+01
4.555356582150574241e+01
4.514174360247422157e+01
4.483833490129624266e+01
4.548322384993754497e+01
4.444062082987745299e+01
4.601288512312996914e+01
4.483990577733764837e+01
4.540705258809069278e+01
4.586293200547869020e+01
4.564305153037344098e+01
4.479199699150472469e+01
4.536338157612387079e+01
4.427670771884103829e+01
4.582121109334622844e+01
4.510917967566404485e+01
4.552052935681047074e+01
4.497972989668089383e+01
4.559486605105706047e+01
4.485740879173165041e+01
4.549770226856144006e+01
4.501136867623687721e+01
4.511730314130190322e+01
4.464764338514407171e+01
4.522404939835752913e+01
4.459096689605431152e+01
4.568207531528276633e+01
4.520000853605110791e+01
4.516790679693368560e+01
4.452723511350811947e+01
4.525150145635809906e+01
4.512364098575860538e+01
4.537595862573969896e+01
4.414612582244794936e+01
4.606688384197390462e+01
4.456682558539500860e+01
4.593087482274022904e+01
4.519802946287363454e+01
4.569476703290537500e+01
4.450530006989689014e+01
4.524739383453606933e+01
4.557258233813993797e+01
4.432679380867455876e+01
4.573974311554169958e+01
4.508116223757412655e+01
4.536554226744748775e+01
4.565778973157923559e+01
4.557580000032252343e+01
4.512979875454970369e+01
4.432123585411029865e+01
4.485148072863837143e+01
4.415075904559439124e+01
4.607167058174571395e+01
4.458808976559316051e+01
4.499934966555182569e+01
4.509356924234084829e+01
4.480753046205155243e+01
4.464577776838585521e+01
4.487689470365457112e+01
4.477312930189111029e+01
4.497338605082207152e+01
4.424002932360081530e+01
4.482527636491511203e+01
4.438849653788925309e+01
4.547226021894057624e+01
4.463522471747232601e+01
4.493283323224719084e+01
4.474678218743233060e+01
4.496008874392121157e+01
4.571801404050204098e+01
4.561198939399284313e+01
4.429277953523841660e+01
4.475578847315779996e+01
4.525607616947429790e+01
4.524465542204837476e+01
4.514155418353790594e+01
4.468543091805781131e+01
4.512691155081722627e+01
4.485225879481114220e+01
4.476049595663378255e+01
4.509039837399634365e+01
4.448528027896452386e+01
4.455073909068610760e+01
4.469540966309156715e+01
4.505367947397423478e+01
4.435142490325635833e+01
4.508908880285417098e+01
4.501337307728217496e+01
4.512096941952528795e+01
4.455634098028374979e+01
4.474975305886942323e+01
4.464838525829329541e+01
4.577686538797910742e+01
4.472891975500802175e+01
4.497838272916917646e+01
4.566571168156259830e+01
4.506154170830875216e+01
4.508019721723649553e+01
4.481483846593631881e+01
4.431090596420548877e+01
4.506307533968454493e+01
4.556948580012972627e+01
4.492692614045110844e+01
4.529204633630664745e+01
4.511851089231774381e+01
4.423761934407207264e+01
4.396889127317322021e+01
4.529909717219993581e+01
4.512070655685042198e+01
4.455889907134537253e+01
4.544880012542483172e+01
4.492805065626963312e+01
4.478512157183530462e+01
4.529417293283711388e+01
4.436764663289784494e+01
4.390864738351353225e+01
4.400217420293132875e+01
4.509516502228839840e+01
4.576367685981358591e+01
4.571534184182056038e+01
4.416515419751621607e+01
4.532162927797653396e+01
4.482378030564685645e+01
4.510884499654397928e+01
4.482514070506699966e+01
4.456359089593780709e+01
4.455112685267076955e+01
4.500477109600111447e+01
4.513842761432243833e+01
4.521834006726651722e+01
4.505044749824892847e+01
4.521003410488895469e+01
4.449190862473805907e+01
4.517964654727207829e+01
4.502210893880760523e+01
4.514223130588885624e+01
4.494561771794921867e+01
4.400182507827921086e+01
4.450386139549928544e+01
4.416938951335872332e+01
4.490375393557109618e+01
4.476981802105749608e+01
4.504603811701956317e+01
4.546572259139789196e+01
4.496563027718424621e+01
4.529414461528367752e+01
4.519593912720502971e+01
4.354171982888894377e+01
4.488820587172153864e+01
4.431857350160957765e+01
4.482304461503079551e+01
4.464851257145663510e+01
4.428824490046125106e+01
4.499478837059621128e+01
4.567667124185357608e+01
4.430502970523728123e+01
4.543950545372661765e+01
4.487753636854584016e+01
4.488640206256290099e+01
4.480181359236640048e+01
4.432620377169246950e+01
4.491210043083631120e+01
4.531390555874310877e+01
4.475761869715401531e+01
4.460659246179686477e+01
4.468051960508983456e+01
4.505205329033733364e+01
4.507685618384994797e+01
4.483811920049586774e+01
4.466147057761386918e+01
4.463660360169364338e+01
4.504752764004301469e+01
4.523727128719463764e+01
4.458528731833180103e+01
4.426365874501378528e+01
4.509425654348167711e+01
4.364796786503455195e+01
4.467942909127351925e+01
4.392602509974201297e+01
4.429117886942102444e+01
4.470901793651599831e+01
4.515043539905861536e+01
4.459358505132853168e+01
4.487557973839128067e+01
4.477389848239571535e+01
4.385348987795960340e+01
4.522566186548420575e+01
4.404689800903194907e+01
4.477879167420659456e+01
4.500313104966746636e+01
4.445699057362208606e+01
4.378198308429424657e+01
4.494686714609791522e+01
4.399275924459982434e+01
4.481930994042009786e+01
4.379660770099424383e+01
4.415537479471244353e+01
4.429739587810022527e+01
4.505293730187598555e+01
4.554044501331598838e+01
4.480856769093792025e+01
4.426810893825749105e+01
4.435154742826392749e+01
4.424681929572364680e+01
4.506974994204107787e+01
4.459574444334492682e+01
4.439714078279123299e+01
4.511769510305958875e+01
4.407428155203083264e+01
4.468446200763938947e+01
4.463129784297485259e+01
4.439600231983934719e+01
4.480385692950037679e+01
4.553917665068582465e+01
4.552593569511910232e+01
4.413479314575559442e+01
4.371184014765315595e+01
4.446383445139223767e+01
4.419275855818012388e+01
4.336515087263907731e+01
4.451208526951840838e+01
4.373804650022075435e+01
4.439244187545159548e+01
4.431508183864209371e+01
4.446436857561378275e+01
4.487023329216929568e+01
4.422069350486308537e+01
4.364878998095062457e+01
4.375334873216510800e+01
4.386777299950953335e+01
4.397762446203717701e+01
4.466765150881876423e+01
4.542048635775517340e+01
4.375699015453495377e+01
4.447067345015311446e+01
4.445664608000599571e+01
4.546400006864502785e+01
4.500225190357861749e+01
4.458904700242661789e+01
4.507460826526996556e+01
4.500901776432339574e+01
4.408718500360306081e+01
4.496879597829457254e+01
4.526818632161413092e+01
4.433883886821536180e+01
4.374339835785171005e+01
4.365708991868101663e+01
4.413003302188156596e+01
4.448900107654482383e+01
4.473271869654524835e+01
4.489052044947195697e+01
4.433729381391871271e+01
4.529856588269287698e+01
4.380536743347805384e+01
4.469287693052019961e+01
4.490512385005870044e+01
4.476264243640611795e+01
4.460286026058854958e+01
4.438715049509369237e+01
4.458986349221088119e+01
4.497212913197966344e+01
4.551394957501985772e+01
4.420840589281593935e+01
4.484996493154310571e+01
4.446659488652602477e+01
4.536237283459168168e+01
4.459330819552013025e+01
4.500789876158096803e+01
4.468737352224592030e+01
4.490577878066314810e+01
4.416275802536213035e+01
4.501798403973811702e+01
4.434743826814022327e+01
4.367793146290186712e+01
4.478910940021596332e+01
4.421110916047161510e+01
4.454861055543029380e+01
4.468370920137326152e+01
4.422295746361865554e+01
4.447152293286413283e+01
4.466094725549168487e+01
4.481310191444759283e+01
4.381487571234129774e+01
4.427273726737102777e+01
4.540954385334605092e+01
4.505157509559166584e+01
4.474269121878737110e+01
4.401026072090142804e+01
4.416672905712466246e+01
4.391360357745173104e+01
4.423733751774104661e+01
4.458830583615237941e+01
4.435602268471652820e+01
4.485504040703538919e+01
4.471807520005807390e+01
4.404885953434177992e+01
4.469609570175558133e+01
4.366107939405121385e+01
4.437955705418158914e+01
4.418235623504059362e+01
4.500937198686420970e+01
4.476010164106666167e+01
4.406066199390835436e+01
4.504197341352686124e+01
4.469999594039517632e+01
4.428852897448584969e+01
4.425356361011844086e+01
4.379497844374161986e+01
4.483346821882849298e+01
4.410108417508284617e+01
4.461984028661771617e+01
4.406670722768597415e+01
4.476245759255019152e+01
4.417064457452202220e+01
4.410242521174930630e+01
4.381324217888728612e+01
4.361253397227643802e+01
4.462606276073303491e+01
4.513581020926551446e+01
4.499847965577208697e+01
4.484350692991537812e+01
4.456301635620354062e+01
4.405227879638635358e+01
4.458671934654717006e+01
4.465631919477840484e+01
4.341237350570956011e+01
4.400996576557411544e+01
4.454362397617911995e+01
4.444467938138622287e+01
4.412072735386971800e+01
4.402087686293378255e+01
4.424621035063024266e+01
4.433955843606550928e+01
4.470865420381188926e+01
4.432991943931371992e+01
4.455789594050376934e+01
4.456439108897236423e+01
4.410683575528053524e+01
4.458621326967288212e+01
4.394998029053936506e+01
4.374267771162135432e+01
4.347520620534062630e+01
4.379378713133316126e+01
4.385467323329628897e+01
4.370483568913495276e+01
4.478292299958798139e+01
4.387056017312017531e+01
4.509848570646407495e+01
4.389287288811706134e+01
4.488458479830672587e+01
4.305435339068900902e+01
4.387697481222261331e+01
4.441803294829078652e+01
4.460182112467431637e+01
4.415977015261744043e+01
4.402362097290868093e+01
4.464043057942972581e+01
4.442672887458642350e+01
4.526407535830954032e+01
4.482232503724534922e+01
4.463912181022124059e+01
4.378906978078464363e+01
4.366340660704383225e+01
4.397081855952573903e+01
4.405507148371443549e+01
4.470353751839446943e+01
4.428381460404899173e+01
4.532727264924104560e+01
4.440880623718889098e+01
4.475102658264217581e+01
4.451001140946905821e+01
4.411871137506543050e+01
4.501948726060018657e+01
4.426938756480451787e+01
4.407256745650744989e+01
4.507719128862433422e+01
4.384462622753872552e+01
4.428839589421098566e+01
4.428889823698254702e+01
4.415426876535648404e+01
4.482436458415017455e+01
4.460401075822739614e+01
4.504462198798242412e+01
4.410261158730206432e+01
4.402011103282789861e+01
4.487809679699572030e+01
4.418720490608131257e+01
4.514859394856388519e+01
4.420686257051909962e+01
4.383538574895175088e+01
4.397881569591478979e+01
4.448001013700734774e+01
4.398836028888518257e+01
4.513101701369691909e+01
4.484681328320328220e+01
4.424619907590243173e+01
4.396273526616866434e+01
4.439125076667168912e+01
4.452241723035031384e+01
4.497017170638417838e+01
4.473856024863646752e+01
4.485073619562479763e+01
4.433002885502513379e+01
4.361005763159380422e+01
4.457990049285967160e+01
4.454397544305167145e+01
4.457663504571266344e+01
4.447883936609136413e+01
4.400575306887058957e+01
4.448578166260054445e+01
4.423568757051721434e+01
4.440285998819824442e+01
4.466191927873587275e+01
4.416041070591917617e+01
4.356303477150204628e+01
4.448851260299377941e+01
4.353906609486596579e+01
4.469062403696645447e+01
4.362834401396531092e+01
4.472531378965929605e+01
4.466893433980199291e+01
4.328238084034548905e+01
4.515871472015603416e+01
4.378290643407784444e+01
4.327682084270013974e+01
4.430961131744084724e+01
4.388143802426530016e+01
4.424818406837078300e+01
4.454258588541850372e+01
4.475788521610343196e+01
4.426001836152406810e+01
4.449703622412248905e+01
4.453135249306988896e+01
4.333864063459085969e+01
4.383519947246822568e+01
4.443576906252378933e+01
4.393033892010368646e+01
4.450820815651875506e+01
4.459701548793023562e+01
4.352607729058308905e+01
4.333093632280639440e+01
4.427046814020160070e+01
4.433937991715311711e+01
4.408012755618536005e+01
4.479605377807179423e+01
4.455630431065462460e+01
4.380397224349279384e+01
4.366343581842048138e+01
4.343092729488525094e+01
4.487237396235276776e+01
4.400253653459478187e+01
4.462401857067438016e+01
4.408338102305501138e+01
4.340057436584966410e+01
4.382328184198109966e+01
4.406318603131595779e+01
4.388744431033590132e+01
4.468171136237881313e+01
4.480056037916822476e+01
4.499600626151714522e+01
4.469774086986715389e+01
4.483434889956981095e+01
4.472170693786549123e+01
4.435264801409526569e+01
4.449669940216696773e+01
4.334503823678075207e+01
4.456510543756912313e+01
4.420144563744514699e+01
4.421264186726858725e+01
4.404001371864482905e+01
4.475377867454271552e+01
4.341761676850087071e+01
4.505593228469488309e+01
4.412023594861798870e+01
4.455270204557054825e+01
4.375538285136196492e+01
4.380995208817788722e+01
4.470453914451521626e+01
4.415040086429487332e+01
4.455412684872447215e+01
4.421222051144082599e+01
4.448566037791268712e+01
4.442351610225698977e+01
4.349449841246876503e+01
4.462826601738949961e+01
4.387089085300135594e+01
4.480646999660407204e+01
4.466532431856171570e+01
4.377652739685311190e+01
4.413280521504159282e+01
4.397551378940217859e+01
4.411337775172361830e+01
4.413912205973629455e+01
4.377570118215776773e+01
4.286059523139346794e+01
4.398779083720358329e+01
4.419278689952966488e+01
4.407068224481889729e+01
4.404482805722275174e+01
4.439226335420109848e+01
4.447745143875987850e+01
4.389480757517799248e+01
4.358444026118445436e+01
4.401670923073886854e+01
4.438513215961898339e+01
4.368802174222292933e+01
4.448577224706978939e+01
4.391619597346281978e+01
4.414438759933866407e+01
4.362484765773665174e+01
4.412773183299943724e+01
4.344095043690423807e+01
4.411631724346971595e+01
4.372033341967595987e+01
4.347726479432402868e+01
4.435592574276129341e+01
4.357697879031415056e+01
4.383439445120394140e+01
4.322583963708801491e+01
4.440916846430393150e+01
4.378274241525700461e+01
4.456277913968374094e+01
4.405908144209895028e+01
4.482348044236999129e+01
4.358577130093487995e+01
4.369189082665269552e+01
4.445245824853127914e+01
4.343340199222941322e+01
4.477315624794152882e+01
4.437832114688355745e+01
4.451846858135912299e+01
4.376764418301695514e+01
4.428416976303957853e+01
4.488420302599247691e+01
4.412717138901135172e+01
4.429743755303700681e+01
4.442947493000437476e+01
4.438221872051539663e+01
4.411166422117234021e+01
4.384314236352503968e+01
4.426927478134152238e+01
4.298505729459201774e+01
4.433609308424342288e+01
4.376283843339630408e+01
4.474403440856330860e+01
4.464679824877254788e+01
4.311370712797245375e+01
4.441017089775843374e+01
4.331902240365212009e+01
4.453488734362029078e+01
4.442494726076083111e+01
4.431426388746199763e+01
4.406269517551382364e+01
4.392160435449873290e+01
4.434485626548433146e+01
4.390979816210657560e+01
4.441314310208588978e+01
4.330364523278371536e+01
4.459028129413444930e+01
4.460384231589490867e+01
4.445464042410596761e+01
4.446647957943893914e+01
4.432070298761674110e+01
4.425850916283530267e+01
4.452105518850342492e+01
4.333632066137578676e+01
4.397205825113151434e+01
4.464636615910018236e+01
4.312634921299808610e+01
4.413617012498345815e+01
4.345953694919479915e+01
4.376899874285434322e+01
4.435306247595482887e+01
4.458538770450246602e+01
4.457541035110182293e+01
4.406533250023283443e+01
4.416803573038740893e+01
4.372232826893462487e+01
4.381647171910086058e+01
4.433483641645881335e+01
4.429441927180874217e+01
4.348050171368882388e+01
4.378290090279065794e+01
4.427388539546437585e+01
4.319538640109751526e+01
4.418102168656034934e+01
4.339309780660965288e+01
4.393212512013536752e+01
4.463099527389337595e+01
4.368837824868993636e+01
4.364441422253438674e+01
4.457654360612367128e+01
4.463343297778726537e+01
4.455420875470686326e+01
4.463841484712716579e+01
4.436491960628644904e+01
4.393140378325716000e+01
4.446090464562480093e+01
4.407042606984099109e+01
4.429140569633432278e+01
4.426716098959478529e+01
4.264232685801369627e+01
4.450884880250894327e+01
4.432974901427290604e+01
4.337548025184257483e+01
4.435261063068939791e+01
4.491522084267764825e+01
4.334133992155095427e+01
4.435225081635390154e+01
4.331431120900511189e+01
4.385166559086999172e+01
4.360511972727309882e+01
4.363782195828064658e+01
4.471279687617165166e+01
4.473263256705723023e+01
4.370416961793431199e+01
4.326593583597681913e+01
4.426066974124716324e+01
4.435712011433032131e+01
4.439644361208264201e+01
4.412274232346916847e+01
4.436080620740557379e+01
4.399127808000915962e+01
