3.265038658661805471e+01
3.400281562695951720e+01
3.347912913770606025e+01
3.472945194594966978e+01
3.309610345912118845e+01
3.306120925222031559e+01
3.531795119103798442e+01
3.362676240812788819e+01
3.259164479535078840e+01
3.270750749178935735e+01
3.279228556734064171e+01
3.258350224055817534e+01
3.227238574080008959e+01
3.271383751442419197e+01
3.273818147932253453e+01
3.222433838385104110e+01
3.253822717598846026e+01
3.225433350494616036e+01
3.271159200219083374e+01
3.243960513662360512e+01
3.241491714347874620e+01
3.268698919925046908e+01
3.230287092892905321e+01
3.227143288267551213e+01
3.228136118854870062e+01
3.243971737423309065e+01
3.245415421490918106e+01
3.251223172824099095e+01
3.261184628884556957e+01
3.217845033194527105e+01
3.242038307895121818e+01
3.258373781562761451e+01
3.236048422332298458e+01
3.234013742302655459e+01
3.226197308772876937e+01
3.254974083106318261e+01
3.255947412436952249e+01
3.244148765324506911e+01
3.235493120529746847e+01
3.246199490523448361e+01
3.230971213464894731e+01
3.235750080454989330e+01
3.213865919673063587e+01
3.237489820320243439e+01
3.254041593078745365e+01
3.239385431487046674e+01
3.225977626951232935e+01
3.218310236603753083e+01
3.240999141836206121e+01
3.232324338455775603e+01
3.234928591118192287e+01
3.230219286072223639e+01
3.225426719605756176e+01
3.243502085748113473e+01
3.234378103981876507e+01
3.248834393281978805e+01
3.236804365866800026e+01
3.238343777116433841e+01
3.237768232924787526e+01
3.229432722608144957e+01
3.240559639698182082e+01
3.245268535627682382e+01
3.244008925204226301e+01
3.253211863921082880e+01
3.241368034796675346e+01
3.254345762825564492e+01
3.233782359571070231e+01
3.248722878935267744e+01
3.233817030196586018e+01
3.255193678350715203e+01
3.225926739196450654e+01
3.220293691247602652e+01
3.234214418259095680e+01
3.227381252802097578e+01
3.241509324624951205e+01
3.248193530712281074e+01
3.228177387174126522e+01
3.244060403840025231e+01
3.227607378795979542e+01
3.229385411767079006e+01
3.241754255311924027e+01
3.221862082842038433e+01
3.225757253953010206e+01
3.226543045151125710e+01
3.227201481913422043e+01
3.246828822393187863e+01
3.238944514270164632e+01
3.227870723347312776e+01
3.235254221897363180e+01
3.228612068380063960e+01
3.224640841632133004e+01
3.238399224072043836e+01
3.242420549966894328e+01
3.235131199055113882e+01
3.223326255949041297e+01
3.245336484998206572e+01
3.229081903242034457e+01
3.239837007942464453e+01
3.235444435089591764e+01
3.225138405368494432e+01
3.225231875181162877e+01
3.239163548615529464e+01
3.226877817463901721e+01
3.231788289573355399e+01
3.220977368799017881e+01
3.244909939782123587e+01
3.244870977720809435e+01
3.225361867083552170e+01
3.229765458800420674e+01
3.228867929735581299e+01
3.216966125968064460e+01
3.242449371288016380e+01
3.238828297443440363e+01
3.242752414122573157e+01
3.233813659936625129e+01
3.232209699911953038e+01
3.245773072563619621e+01
3.224664257996303718e+01
3.236037426339235878e+01
3.239941111709673294e+01
3.230059768029821754e+01
3.226199551148905442e+01
3.232575324921302240e+01
3.235140949217818473e+01
3.249161433977817381e+01
3.234273574481365188e+01
3.243812400060431145e+01
3.214160294595345846e+01
3.250945043422969150e+01
3.232957921389127875e+01
3.228422404329577233e+01
3.229818410214838309e+01
3.232153560797175373e+01
3.229647510566477564e+01
3.212983807070587261e+01
3.218317774494160943e+01
3.218882698759851735e+01
3.228474659385447154e+01
3.236032803260439294e+01
3.231922050113293921e+01
3.226010735271463403e+01
3.229301519360345196e+01
3.249505676904373530e+01
3.228268971219343086e+01
3.228127746923719599e+01
3.233939376642410224e+01
3.239664259934040302e+01
3.241808395417630351e+01
3.237494512876371999e+01
3.234500386047427156e+01
3.242112449225817272e+01
3.240017743535180728e+01
3.231142242302531287e+01
3.221729764789552064e+01
3.241172392365421473e+01
3.236255945710422566e+01
3.241687703101187878e+01
3.240425120770817813e+01
3.217454764347728968e+01
3.242302408078256093e+01
3.243803426825282088e+01
3.227830192957795674e+01
3.234642298544045502e+01
3.223541241765742171e+01
3.236835953055120285e+01
3.219619585723182098e+01
3.244222441776149424e+01
3.243486271300898238e+01
3.239530954217339342e+01
3.226918907746645715e+01
3.233762168853110808e+01
3.225284384266657156e+01
3.244073890628182255e+01
3.227722667578857596e+01
3.220516118688617979e+01
3.231280944464550942e+01
3.219800243426676190e+01
3.223508377693885762e+01
3.241617723018272557e+01
3.220392020387481580e+01
3.243721348514122127e+01
3.219357274552389470e+01
3.222777189870004833e+01
3.222711361827542476e+01
3.229410246734298795e+01
3.234383983322273792e+01
3.224837959703444312e+01
3.232418045009082874e+01
3.245130167256372999e+01
3.229176335614123161e+01
3.228789280133339190e+01
3.239080461976361391e+01
3.235529983333729120e+01
3.218908333351697593e+01
3.220061189092744769e+01
3.224242846811942087e+01
3.232200660614202548e+01
3.224901358274796337e+01
3.229858194493630208e+01
3.240314297822803979e+01
3.220583454479594110e+01
3.226002925869996574e+01
3.229079746455296629e+01
3.234117197808161848e+01
3.234532624054304506e+01
3.214973734369554137e+01
3.216623381050216324e+01
3.240362697555039517e+01
3.220366113667379437e+01
3.240458060584292355e+01
3.227295735660705844e+01
3.233346429109719367e+01
3.234046911280560721e+01
3.230313674875834096e+01
3.229894672093055874e+01
3.236464164991453174e+01
3.229332536540351128e+01
3.233622760493783233e+01
3.229241373199913312e+01
3.237029846109332709e+01
3.243809475977811019e+01
3.215147345463035577e+01
3.240194911667879296e+01
3.228406268246716593e+01
3.217534261293910447e+01
3.229179311850642620e+01
3.237908963803523221e+01
3.240739947561444723e+01
3.221276754851238167e+01
3.239172504136306685e+01
3.222600392786565493e+01
3.231056162556253497e+01
3.229254501470096983e+01
3.222650606635399839e+01
3.226206884044103873e+01
3.245638150736284899e+01
3.233713075573292883e+01
3.214079276588015688e+01
3.236870764877233597e+01
3.228726722392858761e+01
3.234508638694399707e+01
3.254296553711104423e+01
3.227932948374878208e+01
3.231354854372263929e+01
3.232808098028511523e+01
3.217307673271223933e+01
3.228463867210519567e+01
3.219348298608484527e+01
3.215266694596614627e+01
3.232022741451183379e+01
3.233336208524199407e+01
3.214428416163515578e+01
3.237171121513190286e+01
3.217508256756513418e+01
3.216748192215323598e+01
3.236214864863137564e+01
3.216883779538851940e+01
3.218587005329452921e+01
3.232380278636429694e+01
3.215503954098721096e+01
3.238523835584375377e+01
3.248973400118985921e+01
3.233686993660495546e+01
3.211817661371629384e+01
3.226325548063456949e+01
3.238677273107441579e+01
3.215640809839875658e+01
3.244505332548599341e+01
3.236531235198872736e+01
3.242747660090812190e+01
3.216255180914073009e+01
3.245610300271365389e+01
3.231109866436662514e+01
3.233753766223398429e+01
3.228101291488265900e+01
3.230478434836345514e+01
3.235489657361844706e+01
3.224410353480536884e+01
3.234632349523004535e+01
3.230680851221026728e+01
3.223181415977184372e+01
3.234253193815635541e+01
3.226087295124433041e+01
3.227334594687644653e+01
3.240257671097049297e+01
3.215974223654679776e+01
3.234573800559968504e+01
3.217058130496517521e+01
3.231255270722552098e+01
3.231907044881435809e+01
3.223399414754552339e+01
3.235049554653975434e+01
3.233159741210341309e+01
3.239328641927112074e+01
3.219754551371594431e+01
3.213155705603265488e+01
3.226041542510905202e+01
3.234110648452220005e+01
3.234487788095141525e+01
3.230319285959395614e+01
3.233971553870610904e+01
3.242842944643719250e+01
3.222354404387804294e+01
3.229204382449697164e+01
3.230481480808221306e+01
3.227782323483082649e+01
3.231880659582670745e+01
3.239922568911016754e+01
3.229953252027970478e+01
3.239201183098277426e+01
3.228860419909999990e+01
3.237168303709611905e+01
3.214088446793235931e+01
3.233994909678725094e+01
3.243090329019132412e+01
3.214936730668528497e+01
3.233092617614788367e+01
3.220245672238830537e+01
3.230719876220423714e+01
3.221102521462329094e+01
3.219209298364245342e+01
3.240836289234967182e+01
3.219795164503724294e+01
3.219676167902174768e+01
3.238189820994940504e+01
3.218741197605100268e+01
3.235750670640079818e+01
3.237395282687150200e+01
3.224377144772662263e+01
3.235530488185089837e+01
3.232368992391861440e+01
3.236196933722424518e+01
3.232346092631201628e+01
3.237568519279224688e+01
3.234557015887873632e+01
3.231927223915322855e+01
3.234447005036035705e+01
3.236692557269290660e+01
3.231809609488137625e+01
3.230582470009706952e+01
3.246465545917190099e+01
3.235844126886178174e+01
3.217881650938624460e+01
3.243004536423882200e+01
3.217853129741564544e+01
3.225181195389986755e+01
3.236865349287639759e+01
3.236478978910682969e+01
3.240096822111294017e+01
3.230597101802375448e+01
3.231865576308888421e+01
3.237894996277656645e+01
3.235824234832040958e+01
3.232048475175977131e+01
3.232970974016302534e+01
3.213758614121309876e+01
3.217086212341191498e+01
3.236786077371488801e+01
3.237334296682210777e+01
3.231275880486254692e+01
3.229191447165528928e+01
3.212611500816310439e+01
3.223347371528485183e+01
3.229146477963167428e+01
3.218361369640717129e+01
3.230431055057736245e+01
3.223351161298649714e+01
3.226178903238854900e+01
3.234477469808634709e+01
3.223557851988014988e+01
3.237852958432792860e+01
3.238713203295917964e+01
3.248417963837521683e+01
3.236439511246545919e+01
3.234274486633102441e+01
3.228022901564741431e+01
3.237778922368302403e+01
3.235454031028270805e+01
3.239909323739664870e+01
3.236843399408942901e+01
3.215500097072796848e+01
3.216936822277452279e+01
3.231750830817479425e+01
3.240084074697159622e+01
3.227237686103911329e+01
3.214153269403970370e+01
3.216258770186404803e+01
3.232834029063700143e+01
3.238779187554351324e+01
3.235379733274047709e+01
3.232981069628242210e+01
3.244570875466888538e+01
3.251185639469360211e+01
3.218547820173807850e+01
3.237568700565488911e+01
3.236156990449057247e+01
3.236099578168686719e+01
3.232243570247294429e+01
3.231870477266893715e+01
3.237381063325788233e+01
3.235584612716861130e+01
3.240114442302383679e+01
3.240911033035187927e+01
3.235322146206771521e+01
3.223913139767913805e+01
3.229270299768680275e+01
3.236671051721121017e+01
3.232436777405337125e+01
3.231463930723963784e+01
3.234330770322407034e+01
3.226530228391180088e+01
3.234294765128854721e+01
3.240824049127314765e+01
3.241990270089311821e+01
3.246667333345587281e+01
3.228701408228889846e+01
3.233577743979867591e+01
3.217656923796017310e+01
3.241707530600126574e+01
3.213377601515789195e+01
3.235547515201909619e+01
3.223375652759867194e+01
3.236131440040261964e+01
3.243526453743740490e+01
3.239011145752016319e+01
3.235846551957677519e+01
3.235319125737498780e+01
3.239747847582883367e+01
3.239088354305989270e+01
3.232982146542187962e+01
3.241180641662130313e+01
3.234090475039254642e+01
3.241432949181608336e+01
3.230448073435061218e+01
3.233969592027166584e+01
3.235977034696981036e+01
3.242291536723313072e+01
3.226960094716073968e+01
3.216640388991056909e+01
3.215752794467309172e+01
3.240267109378090282e+01
3.230655948159069624e+01
3.235178826862347989e+01
3.226013954807547179e+01
3.230225942687069818e+01
3.242819364770921453e+01
3.236105160708945760e+01
3.242661654103316238e+01
3.233525885101224873e+01
3.212935265010008834e+01
3.234614014499471324e+01
3.237263732169514441e+01
3.229259679131502025e+01
3.225903660323298539e+01
3.228553144788819651e+01
3.233939437810008855e+01
3.244963864131101872e+01
3.238956562981591958e+01
3.221960804531988742e+01
3.232442559421568973e+01
3.239251198905587614e+01
3.238156440536970138e+01
3.240438413359852632e+01
3.227083710622370205e+01
3.237548375385909338e+01
3.228562856359894084e+01
3.240899217649808151e+01
3.224200915731978512e+01
3.236460668035299193e+01
3.237917272617016806e+01
3.242085168088007663e+01
3.250169816393938760e+01
3.236331646118787830e+01
3.237947018914189812e+01
3.226111297501071107e+01
3.234893979612536441e+01
3.229732459177445492e+01
3.232354511175252298e+01
3.231339918612573570e+01
3.239825424652452313e+01
3.232214616288143816e+01
3.232809077584307289e+01
3.234514295712618548e+01
3.242178956968178483e+01
3.232659232029887875e+01
3.240756305547876082e+01
3.236835987963370798e+01
3.239175373036694339e+01
3.245274506744594589e+01
3.225400386364296423e+01
3.230600960424135337e+01
3.218639343036633704e+01
3.221488179985045264e+01
3.211704722559793623e+01
3.225680938944023524e+01
3.250094045441785795e+01
3.230387683224888917e+01
3.244505725230988702e+01
3.242264185136615140e+01
3.231403055240343036e+01
3.238321313952273073e+01
3.255151568151217134e+01
3.244526384743593184e+01
3.232745592231638909e+01
3.234907701646039158e+01
3.236032322846891418e+01
3.242695017490905940e+01
3.232324529873874042e+01
3.226382821419518621e+01
3.255602917736052859e+01
3.238981272946546142e+01
3.229210387021395690e+01
3.226549222627230762e+01
3.229823547013021567e+01
3.240348217308562795e+01
3.248956055819322586e+01
3.237520348471545617e+01
3.235422508630011151e+01
3.231306819228726113e+01
3.246547157583770371e+01
3.246942365241829265e+01
3.224321358144091931e+01
3.231778911296320445e+01
3.226109556928737021e+01
3.234901934083147523e+01
3.239055244585799187e+01
3.233880033329337067e+01
3.232251300921622317e+01
3.232798972207757515e+01
3.234155033318693029e+01
3.235582711340040873e+01
3.253014426089062994e+01
3.235695262565045738e+01
3.230361631184652538e+01
3.221703982992292481e+01
3.234712054321487074e+01
3.235342377546898263e+01
3.230179371191057669e+01
3.228198809886480092e+01
3.214199512742904119e+01
3.234818315021347246e+01
3.253969917258608291e+01
3.234809648709725849e+01
3.236724514566669342e+01
3.244304250729437200e+01
3.238786934593127143e+01
3.244460547679745588e+01
3.239817974369567821e+01
3.222427657299004977e+01
3.225868920750799163e+01
3.246351078947012780e+01
3.235608911300758450e+01
3.245168128777324767e+01
3.230029424563887375e+01
3.227938728188451734e+01
3.230498877101238975e+01
3.234549150058478517e+01
3.234727597944436184e+01
3.224631147982569246e+01
3.221224632646382702e+01
3.229510529606276492e+01
3.223297606425295214e+01
3.217186702602717219e+01
3.251724177631153623e+01
3.225703127803596715e+01
3.215915645177136639e+01
3.235286851598883828e+01
3.243031077179679045e+01
3.226810412548180551e+01
3.223531032668680751e+01
3.253564420973786753e+01
3.250566612929505794e+01
3.240687512593451913e+01
3.231388446763831013e+01
3.229821474235455270e+01
3.218599324113117888e+01
3.226194807393961383e+01
3.214896383079187814e+01
3.254672257645542999e+01
3.226141931055704504e+01
3.243044673236479269e+01
3.232688813500607239e+01
3.241459608982030716e+01
3.252470706847736182e+01
3.232822157536213581e+01
3.224900105081493962e+01
3.221342021914800569e+01
3.236213864802982698e+01
3.238046258147230105e+01
3.250499412014242751e+01
3.242595018782609628e+01
3.254918923546426868e+01
3.226136468061206841e+01
3.250184560610428974e+01
3.226162665452210376e+01
3.218069581592140338e+01
3.243184112645772643e+01
3.239104778710187560e+01
3.225249952824214716e+01
3.239289839248398550e+01
3.227962009763650286e+01
3.224024116308805787e+01
3.221806626338677404e+01
3.258728767054734021e+01
3.229658127817458535e+01
3.232688386419909676e+01
3.222635029018942987e+01
3.246176549965287705e+01
3.237299705991334520e+01
3.234374861855613403e+01
3.243597120248146126e+01
3.227872743910308628e+01
3.235977341719058842e+01
3.226194350188171001e+01
3.225199527619714956e+01
3.236947917193815272e+01
3.248072249476345519e+01
3.228872895224986195e+01
3.221394520645412030e+01
3.236401516732186678e+01
3.253690501905457211e+01
3.252403006788456707e+01
3.237181288935133239e+01
3.241983777122657528e+01
3.231981675023710210e+01
3.233571944065605663e+01
3.221210297331915484e+01
3.229058872076527820e+01
3.223325468939957972e+01
3.223379368767783149e+01
3.237846225443581005e+01
3.229757950340540162e+01
3.225682038624094616e+01
3.220139431568598809e+01
3.232615424062585419e+01
3.227267795232718584e+01
3.231864445318669965e+01
3.233556954938111261e+01
3.221831375122142305e+01
3.249756987997205471e+01
3.238142420468024341e+01
3.243093296976475415e+01
3.246845409975348673e+01
3.230631637928281918e+01
3.237462608612708692e+01
3.228282075097766324e+01
3.237263825048754740e+01
3.234375363573740714e+01
3.245906527273073294e+01
3.214212647677244661e+01
3.255182429136336708e+01
3.227249095725026251e+01
3.234318066859777474e+01
3.236015479049179788e+01
3.248327995657212597e+01
3.230012874798671163e+01
3.226944901191975390e+01
3.238893356488775055e+01
3.244718709165199044e+01
3.232965849769117739e+01
3.246915179317256417e+01
3.231188919500593215e+01
3.244881340035507122e+01
3.232497887550645999e+01
3.226018090434958197e+01
3.236003612182075528e+01
3.255338949048876884e+01
3.219596071353935685e+01
3.226124450941797051e+01
3.224783653387268600e+01
3.239185113853314135e+01
3.230473336689186681e+01
3.229348731528633465e+01
3.217833419668166783e+01
3.233823527824696953e+01
3.236324082481758069e+01
3.234392029497884380e+01
3.227179382249570239e+01
3.227117462412031301e+01
3.221800562188637684e+01
3.237756357736594026e+01
3.231753882333609340e+01
3.238290643124572199e+01
3.219849764764538946e+01
3.220838449625472322e+01
3.224509834402153530e+01
3.236826911989598443e+01
3.247136069160247729e+01
3.234043503893180116e+01
3.228113631193350130e+01
3.232826425872841725e+01
3.227846145344275186e+01
3.224835174997635789e+01
3.241454175891513501e+01
3.222848240342726456e+01
3.253973883018650781e+01
3.227209131572835332e+01
3.228888661677763139e+01
3.238889000796353201e+01
3.229365188462388403e+01
3.228850876336559850e+01
3.234145426385719446e+01
3.240264267411314592e+01
3.236437942683237878e+01
3.242325715335296366e+01
3.229480427315247937e+01
3.224463015608802152e+01
3.254494424607256775e+01
3.243239789930606065e+01
3.243638772461911657e+01
3.239559524147522751e+01
3.229009672530809638e+01
3.223488069242966247e+01
3.224618024383107695e+01
3.246239006209682287e+01
3.228199882071628934e+01
3.236128463597670191e+01
3.236353556419795297e+01
3.247366451499753737e+01
3.242872715996269761e+01
3.226858664492939255e+01
3.231560596228794680e+01
3.229331774456303350e+01
3.227422068531809174e+01
3.237805076378235469e+01
3.231401746228103633e+01
3.244583496581343951e+01
3.236018948843545218e+01
3.245780440101708564e+01
3.248231232850450567e+01
3.226220357597286892e+01
3.232746286161737004e+01
3.216214835946504991e+01
3.251201860643002561e+01
3.231724940855196593e+01
3.238991766128051353e+01
3.231939760397736450e+01
3.241414019786351730e+01
3.243809838359645425e+01
3.234992148903751996e+01
3.223278365476132024e+01
3.228581218970823130e+01
3.248805943774837601e+01
3.236152016003022425e+01
3.236782534760031638e+01
3.219095000641475934e+01
3.234265983299832925e+01
3.230042848957547363e+01
3.226069349734222413e+01
3.241109577037700262e+01
3.238372240435615623e+01
3.239685127980363433e+01
3.231060045102630340e+01
3.260277394993973843e+01
3.261980965203227356e+01
3.232750048558577305e+01
3.245824785465794804e+01
3.219997169211103483e+01
3.243813803889451464e+01
3.246908801812693923e+01
3.228486557188912798e+01
3.245969085072917437e+01
3.254531825330117556e+01
3.230734908909508363e+01
3.226098359329014187e+01
3.221891470695103976e+01
3.227872643524426621e+01
3.225202167547256238e+01
3.214804546348594982e+01
3.229503872353472360e+01
3.255224198160380666e+01
3.245184541538868217e+01
3.255141323574999745e+01
3.235503007273484855e+01
3.223817380176813430e+01
3.231198489222685311e+01
3.249815670848603588e+01
3.240303366972904087e+01
3.225298772169572459e+01
3.232732906370345205e+01
3.244765887202587606e+01
3.242063731224574497e+01
3.243888717057218685e+01
3.230441941498619940e+01
3.242689306011166650e+01
3.231892911729201501e+01
3.244561154464110331e+01
3.244713123585001568e+01
3.245893937987592892e+01
3.237528667416180639e+01
3.241000811236525436e+01
3.241813974357889094e+01
3.249023343916120865e+01
3.221245087878473612e+01
3.225027370257053860e+01
3.219840891702502716e+01
3.250895507941955742e+01
3.228443901389781701e+01
3.245796213739956215e+01
3.243031379978496176e+01
3.233203860521690842e+01
3.235752815525820836e+01
3.228887948558206489e+01
3.251666247962707956e+01
3.235606576797427181e+01
3.243808080429870699e+01
3.250203056170126814e+01
3.239664954512916495e+01
3.224653873530269266e+01
3.233536288410827808e+01
3.237688141538964004e+01
3.219846283586227287e+01
3.229046632076396151e+01
3.253800306241492279e+01
3.217089038339830864e+01
3.220793074993625993e+01
3.226288476991724252e+01
3.238157758391592722e+01
3.231489007277809833e+01
3.241888592977147709e+01
3.258988855029438980e+01
3.232791865415819643e+01
3.230206125098709435e+01
3.228837735418544952e+01
3.234522671037547781e+01
3.220655455705239945e+01
3.240716814255551981e+01
3.239442296882889138e+01
3.225378165922941065e+01
3.220502186033077408e+01
3.221625594920693203e+01
3.262418442672124996e+01
3.247757602692615109e+01
3.219561448165674733e+01
3.233310590203466717e+01
3.235821446679010904e+01
3.221964830610670560e+01
3.226002230346695399e+01
3.237603474998927311e+01
3.227451469537247419e+01
3.231811729705585634e+01
3.222206805837609522e+01
3.242780334195241920e+01
3.235320663915614858e+01
3.233132886355558355e+01
3.243677727063980143e+01
3.228783821735015636e+01
3.246348124280446967e+01
3.219085122742062310e+01
3.251876136132189998e+01
3.221539257600118589e+01
3.251888370154331653e+01
3.230369458440167563e+01
3.262964051632987861e+01
3.247216274384295076e+01
3.257324331077830948e+01
3.228068590102637359e+01
3.237200524304093108e+01
3.245910554050423258e+01
3.244790339073284713e+01
3.262921878778360707e+01
3.232354608927897743e+01
3.237033345941529916e+01
3.249400355152729958e+01
3.241470828329794784e+01
3.247689379203738724e+01
3.250154917494881346e+01
3.240882877946472007e+01
3.219859643032563667e+01
3.228515616594060589e+01
3.255663898956989755e+01
3.235322857356558757e+01
3.254359517661420398e+01
3.255120270116914583e+01
3.234953641500386823e+01
3.220380801469345045e+01
3.232302237295096603e+01
3.243388435194261632e+01
3.243536360897014958e+01
3.222221178285817444e+01
3.235846712550421245e+01
3.236782079043165083e+01
3.232649542052985225e+01
3.228024887402068543e+01
3.247165204236177516e+01
3.261674164933432962e+01
3.238969070878584944e+01
3.260106469691835684e+01
3.246397703246970678e+01
3.305376532473963636e+01
3.254622957138646910e+01
3.234440481873233608e+01
3.256060325896495300e+01
3.237530870729524679e+01
3.244214404881338965e+01
3.388693554015539178e+01
3.241699114599697396e+01
3.244597962574987804e+01
3.238560889038179624e+01
3.258859894226833376e+01
3.229983141709701755e+01
3.266231902064809844e+01
3.235981363663569965e+01
3.251970212217329248e+01
3.250896460810600530e+01
3.233981292543337815e+01
3.233902444089993367e+01
3.244299392920249403e+01
3.243215317679097609e+01
3.233761149166517868e+01
3.268034822877351786e+01
3.243010705738650756e+01
3.241573719091629613e+01
3.255718434671400985e+01
3.267365371941717456e+01
3.231955464029356762e+01
3.250535677486631414e+01
3.255206834257882775e+01
3.317910353215119557e+01
3.220529368392011804e+01
3.262980141248268495e+01
3.283761048274214289e+01
3.234547973189930303e+01
3.245102656373752126e+01
3.228980258528702763e+01
3.279758099873553334e+01
3.546782053330844064e+01
3.247587846322237937e+01
3.225794201378196391e+01
3.248701177922163197e+01
3.249203767408123156e+01
3.246546138566706219e+01
3.248309155404046322e+01
3.255845205308934709e+01
3.242954319138418384e+01
3.248225529051229188e+01
3.248424049878718733e+01
3.281551677214165608e+01
3.223651948821005675e+01
3.245327301924328367e+01
3.272730364077703769e+01
3.308291788909196640e+01
3.263745106217612602e+01
3.514708327673366739e+01
3.314169415055432921e+01
3.258064285525378523e+01
3.268807118636809861e+01
3.520169101914569865e+01
3.379404257487698970e+01
3.252643080903401795e+01
3.286368502465165875e+01
3.277860024399696925e+01
3.268922045117782460e+01
3.297075305286880820e+01
3.260578006449943445e+01
3.240314092178095962e+01
3.249716245167939377e+01
3.255926551964594040e+01
3.269746847069703222e+01
3.681720934127059053e+01
3.254095778418639640e+01
3.234459550779878612e+01
3.627935243426630763e+01
3.260723979564746600e+01
3.732824540717484751e+01
3.249341606065395638e+01
3.252070079360600374e+01
3.215624373909165001e+01
3.223850644369806417e+01
3.255676616705581239e+01
3.789300911936597061e+01
3.289877075351446933e+01
3.299366561744786708e+01
3.243030650545637172e+01
3.239790231231823014e+01
3.832549372325204473e+01
3.286881229611129385e+01
3.252112736356347256e+01
3.305740906688733105e+01
3.928157625930145258e+01
3.226374083977537310e+01
3.259903306860217498e+01
3.322011150277790392e+01
3.871365009483592701e+01
3.233008869715958866e+01
3.654161608703392261e+01
3.462451697554946861e+01
3.890218144919607113e+01
3.399466622567585006e+01
3.283036423968911777e+01
3.239445918863204099e+01
3.250620022089275807e+01
3.286488863566281537e+01
3.264190962297453780e+01
3.416698925040800816e+01
3.325014745263804627e+01
3.345520766991260331e+01
3.272669780783756721e+01
3.375622214071027827e+01
3.899073572619607120e+01
3.434063359475694455e+01
3.298629110472067083e+01
3.493314755313023312e+01
3.279863472580985473e+01
3.589107342193698003e+01
3.604123873868834949e+01
3.634538191556420372e+01
3.227340027266008349e+01
3.363635147794440172e+01
3.246546792264014414e+01
3.306832360028649020e+01
3.247638348065263614e+01
3.304777040116598386e+01
3.327877657938698519e+01
3.251863163923744082e+01
3.386112063832266728e+01
3.317882110868816881e+01
3.405175376114865315e+01
3.896654875418317943e+01
3.256423339108029325e+01
3.358906582423109199e+01
3.927715856617395218e+01
3.630422692719248090e+01
3.412421535931485295e+01
3.945556203190628253e+01
3.574327625931049113e+01
3.498130049076544168e+01
3.368223027343815090e+01
3.913050816953843025e+01
3.302596192026829414e+01
4.074367784746384302e+01
3.371944600465560171e+01
3.272980628776665668e+01
3.294599980610319534e+01
3.320056192888385738e+01
3.939328708198971185e+01
3.418689257680616578e+01
3.273392584736870958e+01
3.310139723171486281e+01
3.974299350923063656e+01
3.332386426811316227e+01
3.941880489130810616e+01
3.744682096660763904e+01
3.487933821166797088e+01
3.282621699106929469e+01
4.441629917980510811e+01
3.474780903029585488e+01
4.337590136892760029e+01
3.661594798258453665e+01
3.598714715048993185e+01
3.248114993574182563e+01
3.465579673819055984e+01
3.275329041574421041e+01
3.479141471690124376e+01
3.252005520951095008e+01
4.571663011015456135e+01
3.863766139942403299e+01
3.691429807092428206e+01
3.265273781397814901e+01
3.345454680232964506e+01
4.207472929585215837e+01
3.323927316705614743e+01
3.255643446422800480e+01
3.471063897439480428e+01
3.286349450762863000e+01
3.340986796199131703e+01
4.011342277344737539e+01
3.482618261489459144e+01
3.950402699548659768e+01
3.417070099274662454e+01
4.033912473408680199e+01
3.978979213173722229e+01
3.647081866302586661e+01
4.076795647871809081e+01
3.515035278847739164e+01
3.270638110008518140e+01
4.435764977867881953e+01
3.319093825388292629e+01
3.340325582139221439e+01
3.353391945094094240e+01
4.820000851067332803e+01
3.353018904219550933e+01
3.280836303380614538e+01
4.625723342931617310e+01
3.227174185438806830e+01
4.587528170243953696e+01
3.312474230782285645e+01
4.618595793043794373e+01
4.213065130642239353e+01
3.625610254442520386e+01
3.505120081570612456e+01
3.294883669876324461e+01
3.349940205555741812e+01
3.453481236560520529e+01
4.746822104306701817e+01
3.529349228479472345e+01
3.264879947944544369e+01
3.426516970770745019e+01
3.332312638340270183e+01
4.912403143424360508e+01
3.513732884829099135e+01
4.875337731442788680e+01
3.520221604114244229e+01
4.871414721891639488e+01
4.257548829778841082e+01
3.664188146517187761e+01
3.355472637670471414e+01
3.486528827680820797e+01
4.565528572325422374e+01
3.590626818969370504e+01
3.446869193800448272e+01
4.984968792206448995e+01
3.260307788813056362e+01
3.254764755529129161e+01
3.592076380817342596e+01
3.366588154005798827e+01
3.620362401410504560e+01
4.899037456131316759e+01
3.490846372622135618e+01
3.268186960676375463e+01
4.889841759025301116e+01
3.676975994729830433e+01
3.489180063996695935e+01
3.628237282004825914e+01
4.877082125781668509e+01
4.039055534950541926e+01
3.551678313756177374e+01
3.584414482960605852e+01
4.088825516017921302e+01
3.582549459477289133e+01
5.106672583231208762e+01
3.514688633221325631e+01
4.962053851384891345e+01
3.586989456734535509e+01
3.495450965896218776e+01
3.516162807237755317e+01
3.377815032603803047e+01
4.562742833424408673e+01
4.323121274252305568e+01
3.702518199693327006e+01
3.425487755714704008e+01
3.383612529351841403e+01
5.001915579954310687e+01
3.612120049437403679e+01
3.409649725223577121e+01
5.043962894513167328e+01
3.599373827609993270e+01
3.470466285329277412e+01
5.157648039847678945e+01
3.693925534280624845e+01
3.377881263183161309e+01
4.990565134047020024e+01
4.775543041043628278e+01
4.517837158110188511e+01
4.879862043361830359e+01
3.676706017248137925e+01
5.087326149916783180e+01
3.538930269311122601e+01
4.994108526258372649e+01
3.707022132649579049e+01
4.861202596727186176e+01
3.478205980253627416e+01
3.410531535588850005e+01
4.950793074924538928e+01
3.375596992020945208e+01
3.584601439372089260e+01
5.024050946859851763e+01
3.505141545141825787e+01
3.564859139997182780e+01
3.622989776445229637e+01
5.097548677497317016e+01
3.554595489727118718e+01
3.573563476068997602e+01
3.509953199085067155e+01
3.476394847311414082e+01
5.235270012044760790e+01
4.577833264528619850e+01
4.826177689039673169e+01
4.673455299571437394e+01
3.540497234949135219e+01
3.508383196419838868e+01
3.629171228417826001e+01
3.566546535727879075e+01
3.514401486966553279e+01
5.129772213968824701e+01
3.587442721901297915e+01
3.353936941780533942e+01
3.505513912999219883e+01
3.663659093790175092e+01
3.455282645316342638e+01
5.158958039151425368e+01
3.547540882629226644e+01
3.624019638695315848e+01
5.201546849127856120e+01
4.960625894439315431e+01
5.095158591941597592e+01
4.966135515710230663e+01
3.391646223397215465e+01
3.489199812802934275e+01
5.122732332915920495e+01
3.546391224452744240e+01
5.130671536458550719e+01
4.880213370503489045e+01
3.637212739093073566e+01
5.089087754364065574e+01
4.989191714209511730e+01
3.677039418942693771e+01
3.443668337881735653e+01
3.627951280127039269e+01
5.172931040833395855e+01
3.654917310621483040e+01
5.161925917301574884e+01
3.542957693280072107e+01
5.154335737192941735e+01
3.472272052423752342e+01
3.548175350011273110e+01
3.519146187412221849e+01
5.314895501227219654e+01
5.065471885945687802e+01
3.657298632649170145e+01
3.514832790733019863e+01
3.504378996139057278e+01
3.613702282989147108e+01
3.548592788406342891e+01
5.175751441846050938e+01
3.475277880932125640e+01
3.509945749263184211e+01
3.395485026798905892e+01
3.657443800933604194e+01
5.344691461379418485e+01
3.677515908988805649e+01
3.456193005871619306e+01
5.327022080098681300e+01
3.589006538644941458e+01
3.560855487962911781e+01
5.215671498380253723e+01
3.638508404274573138e+01
3.568578751630121815e+01
3.596235730204402614e+01
3.584469715993859040e+01
3.662663200329945568e+01
3.603256252864824916e+01
3.700121365485136948e+01
3.547699194227069341e+01
3.589804402817787832e+01
3.649691948267487618e+01
3.726001631623083199e+01
3.499564958622509891e+01
3.534869419924469724e+01
3.574541337954288878e+01
5.201818810426391337e+01
3.719448226857410589e+01
5.188322517540241563e+01
3.653913780761129715e+01
5.202275960174473113e+01
5.108124090022511865e+01
3.591844721803812490e+01
3.352935010053019482e+01
5.314140150969548415e+01
5.220584927020752986e+01
3.619089461487519799e+01
5.298389230257934912e+01
3.629314876230258591e+01
5.439714523709610461e+01
3.738355197078840320e+01
3.469798916927412336e+01
3.758260847044108033e+01
5.213119464423503757e+01
5.215507458677701891e+01
5.363254081353473879e+01
3.465700857134307000e+01
3.572562303808147988e+01
5.342465506135214071e+01
5.257267605642454100e+01
5.509394616183757876e+01
3.593161236598823649e+01
3.434812930717848189e+01
5.334381912416328220e+01
5.365604609657300728e+01
3.524647160762628317e+01
3.585855198169839042e+01
5.456334630657460139e+01
5.278884891227864529e+01
5.112417092934524732e+01
5.336711847677840836e+01
3.474614679815140761e+01
5.274720909406040192e+01
3.565772239962827683e+01
3.534800945389583404e+01
3.595065154291663134e+01
5.558307861769272762e+01
3.736671677305788108e+01
3.419772034786669934e+01
3.781031850703476493e+01
3.394072005162276184e+01
5.430555221455571768e+01
3.638693781696859730e+01
3.240156767272623028e+01
5.346138198515226492e+01
3.647358034855332676e+01
5.566366812324503854e+01
5.141696837305872947e+01
3.694473743471370852e+01
4.682973900672596557e+01
3.528799753103293568e+01
5.509205998662351078e+01
3.656723299426015927e+01
5.459163469817707437e+01
5.348924263877520247e+01
3.564844131118137227e+01
5.297810830192630505e+01
5.286423732754938243e+01
3.707636753429331833e+01
3.343254585431446912e+01
3.676400209648034689e+01
5.590313474411485117e+01
5.289070037603577390e+01
5.256549859969197769e+01
3.533018104957296401e+01
5.587562540179908410e+01
5.306395247837110674e+01
5.306932006685062220e+01
3.572036211089611157e+01
5.429909949777277944e+01
5.374399820761730240e+01
5.295806626500700531e+01
3.641424077472569820e+01
4.764733460067869686e+01
3.425998643226319018e+01
3.531612496552774871e+01
3.652923882749048090e+01
5.399229325334801644e+01
3.608843216739312965e+01
3.641258085280251322e+01
3.621793149486871499e+01
5.399991425405293199e+01
3.859583052868862296e+01
4.731915968885581947e+01
3.444465312609319341e+01
3.490930564511779721e+01
3.762533243373601977e+01
5.336017415127908947e+01
5.502278451592776776e+01
3.554128555736268424e+01
5.440202709801029357e+01
3.481197426720790133e+01
5.161340048042470130e+01
3.423739089326102913e+01
3.324512058985570917e+01
3.781346805693081592e+01
3.511994394731165414e+01
3.614091199397439880e+01
3.602556281880298172e+01
3.550519891504171710e+01
3.722847638835570905e+01
5.352941080221423675e+01
5.275753148103137136e+01
3.753413125218765600e+01
5.406383260854155282e+01
5.407765593777294555e+01
5.298408275483694752e+01
3.516965061937802517e+01
5.383924101402607221e+01
3.533425548054064080e+01
5.432699698957232215e+01
3.486635138981539939e+01
5.044409263115548470e+01
3.516896247527183306e+01
5.505447673883655568e+01
3.622455642552988309e+01
5.316881379460500057e+01
3.676646849324695410e+01
5.223123771351463773e+01
5.232940023553461373e+01
5.429592523401809956e+01
3.624737085076096577e+01
5.374671479457119005e+01
3.503419232167421882e+01
5.167855883403264983e+01
3.667528106039973324e+01
5.380703102392826764e+01
3.592269877073898243e+01
5.204464836537127326e+01
3.535646295502466785e+01
5.357598331946076797e+01
3.665202026017294656e+01
5.121928895927594283e+01
5.376868757599797277e+01
5.424987067057296031e+01
5.494399629369898008e+01
3.600123112808976344e+01
5.157215261581453802e+01
5.376458980281532263e+01
3.682858197444578963e+01
5.383553619674925983e+01
5.464529107058120161e+01
5.332740406762849972e+01
3.552305619834154982e+01
5.169168017434654416e+01
5.360224855520528564e+01
5.297168619249994492e+01
3.534889979299734364e+01
5.206991339212120096e+01
5.356059251438550461e+01
3.580310250260385629e+01
5.191902546056733314e+01
3.552084094807237591e+01
5.226727552656765852e+01
3.659775608907969513e+01
5.341146216921834622e+01
3.735199793734215490e+01
5.421822056754578512e+01
3.709105901304357644e+01
5.189826733816784810e+01
3.414956829662214943e+01
5.485772621113845560e+01
5.419996092004572574e+01
3.566093315177219836e+01
5.352346795234496568e+01
5.434421999703928918e+01
3.479897798909282614e+01
5.424864643971839229e+01
5.482932299792349085e+01
3.574719470466288129e+01
5.313853923624260744e+01
3.714753000065434918e+01
5.286739839923173179e+01
5.384680584701175832e+01
5.358105880525879883e+01
5.434406611683734667e+01
5.457013609829826351e+01
3.508045699609779433e+01
5.320770319341267651e+01
5.418724312935005827e+01
3.691144706918997542e+01
5.257170335386389581e+01
5.253154574880208827e+01
5.453736089772562678e+01
3.540183063615796755e+01
5.351300256160835289e+01
5.336174842385578643e+01
5.439866572500134367e+01
3.524712342194798254e+01
5.248894584668708063e+01
5.428815820317589669e+01
3.447796644742672356e+01
5.227510073093399967e+01
5.473130597267849851e+01
3.532514512744069179e+01
5.354733383463252494e+01
5.453539761955995147e+01
5.406859876452030278e+01
5.374228316625979573e+01
3.424274837640036395e+01
5.353732765316840414e+01
5.275490670317592645e+01
3.460068401209187527e+01
5.330880796054784554e+01
5.368488379017278334e+01
3.619113751347925501e+01
5.327395743445554643e+01
5.443653348863782071e+01
3.544165209353647583e+01
5.358162142937361239e+01
5.442711955995953588e+01
5.443913475124629997e+01
5.403171327730527906e+01
3.698994219582910858e+01
5.215823861522318339e+01
3.610349594439300347e+01
5.206330036669148598e+01
3.618079908431020897e+01
5.205396262364712356e+01
3.542352888228041508e+01
5.354757907981674236e+01
3.630605320776666645e+01
5.258872917935708102e+01
5.379545079486702974e+01
3.660461145163215946e+01
5.202690526521647030e+01
3.644092416283223201e+01
5.396986648248665119e+01
5.405904529728607599e+01
3.626094882409837794e+01
5.171725394514464824e+01
5.438397707849845375e+01
5.456070447764832920e+01
5.482432679784517404e+01
5.262950911403162024e+01
3.682927948476142177e+01
5.401451087567334497e+01
5.373816405045354117e+01
5.221994219175260099e+01
5.356646841395977532e+01
5.422623523166760862e+01
5.541808041468076595e+01
3.558957427990934974e+01
5.351290301849840603e+01
5.248137654538045638e+01
3.607083362513964886e+01
5.421516986136688132e+01
3.670991598963784242e+01
5.387784348094485409e+01
3.624847177728763370e+01
5.383830128351509359e+01
3.483524465295370476e+01
5.277087772280813027e+01
5.411228446637561262e+01
5.359977372683736974e+01
3.584179714582695908e+01
5.425032751437677803e+01
3.536332836708111671e+01
5.409055962727065747e+01
5.440923630659111154e+01
3.479041240131349610e+01
5.363422209395719875e+01
3.548383816200539798e+01
5.185319985148722566e+01
5.376265164984004485e+01
5.436110182496916110e+01
3.514737343434405403e+01
5.294988038710182110e+01
3.445291101732757255e+01
5.212877955814936115e+01
5.498558971560221664e+01
3.498425127608261676e+01
5.246074724224039443e+01
5.369300461721373097e+01
5.331365741795177371e+01
5.490890488945641579e+01
5.422036215354040678e+01
3.570584654350328435e+01
5.244017961618952484e+01
5.389096481851654374e+01
5.354855044043146961e+01
3.523053361274000395e+01
5.365892938083999297e+01
5.412059926996269610e+01
5.306910494109330045e+01
3.410526105448960976e+01
5.240677113391042496e+01
5.220261393714541498e+01
5.347333517909303424e+01
3.535813493481058600e+01
5.120482356542568425e+01
5.475116198830033909e+01
5.358531164253313506e+01
3.667450615638802702e+01
5.166387920484980611e+01
5.389369733273794338e+01
3.459718100771383575e+01
5.140872235586355288e+01
3.673516271060336180e+01
5.254125716894122178e+01
3.486622051477452544e+01
5.237856982291238239e+01
3.569495288727762983e+01
5.228419419893846509e+01
3.579013201449448189e+01
5.298257668615927685e+01
3.516835690759398148e+01
5.181409430793594595e+01
5.218092097350411507e+01
3.714614566417372288e+01
5.353912454316639469e+01
5.389092325350662094e+01
5.487953233765205852e+01
3.553477418397120147e+01
5.172465369926710110e+01
3.463257003220100927e+01
5.224451248321103947e+01
5.313827287250943954e+01
3.718906505362453174e+01
5.237063012364288284e+01
3.612410488669094377e+01
5.312418288503287300e+01
5.340477151071405615e+01
5.210799448823857460e+01
5.291210513843131480e+01
3.537289858945938903e+01
5.211428561220713362e+01
3.451469414595766239e+01
5.202945338150322385e+01
5.259531414074113798e+01
5.331600765975496614e+01
3.502533519158312458e+01
5.206385111259105258e+01
3.432127281516559236e+01
5.265667181321224177e+01
5.296421825088522439e+01
3.550702498062154433e+01
5.297862127457541703e+01
5.318135591289414776e+01
5.360773312491449616e+01
3.710482643826115634e+01
5.294154400599772003e+01
5.405120525192867831e+01
5.361255934404265844e+01
5.305916743921298462e+01
5.141953809740176240e+01
5.207063933407530243e+01
5.321903008737532303e+01
5.205398463664737108e+01
5.144196355506424823e+01
3.668054345462450527e+01
5.284229928636023743e+01
3.597843735985106406e+01
5.125857965976339159e+01
3.519666696950756091e+01
5.123937271809617044e+01
3.517716325968898872e+01
5.218093541192293117e+01
3.460342817946400373e+01
5.197282833379806277e+01
5.155957320615706863e+01
5.357069511322366395e+01
3.764060270445363443e+01
5.168030707378763111e+01
5.279025887450181642e+01
3.519069638811750877e+01
5.186875808738065530e+01
5.157278544191552783e+01
3.534130764203582231e+01
5.103288976038091818e+01
3.608200130954310225e+01
5.110504075943599389e+01
3.688970984700117128e+01
5.197352936552793778e+01
3.561600295328122456e+01
5.173522411547756406e+01
3.541477010276512516e+01
5.059268549469094012e+01
5.340496257789509116e+01
3.499759028713899056e+01
5.254367364615958991e+01
5.406867067088496270e+01
5.241235402236635821e+01
5.239185294547461069e+01
3.567370732713808934e+01
5.106177433986186287e+01
5.385664104341597636e+01
5.157267906534639224e+01
5.154395688933630737e+01
5.139951477285281101e+01
5.294038914518017691e+01
5.306037461144228473e+01
5.188181446492324511e+01
3.524611607413178405e+01
5.123269914174069584e+01
5.319429478620508434e+01
5.291402021932341881e+01
3.537664255809823288e+01
5.085660770899724525e+01
3.621132577534462627e+01
5.066016629210163558e+01
3.463393229007887442e+01
5.063955176789412604e+01
5.123480805088193080e+01
5.116072218489319567e+01
5.234271637657310805e+01
5.115382510833983076e+01
5.207868185273129313e+01
5.203215622891269732e+01
5.258255617972656637e+01
3.449933374247824958e+01
4.931824254693985665e+01
5.148107503854478040e+01
5.116616071807940358e+01
5.124089317718942027e+01
5.140242308877025579e+01
5.113508388289400841e+01
5.056582725520756583e+01
3.520748620037999643e+01
5.083878662039204954e+01
5.402525684677178930e+01
5.116256866538742543e+01
3.533861574510044790e+01
5.125116913130496954e+01
5.295461037679219629e+01
3.501879708770926669e+01
5.072003969797304990e+01
5.247401927303177871e+01
5.140259094370372139e+01
5.185833689587466466e+01
5.210513172241379465e+01
5.122505502009840939e+01
3.393980508809364949e+01
5.070329116241708078e+01
5.190970910383756376e+01
5.127628244377725508e+01
3.642459161921187416e+01
5.082594682018276444e+01
3.547537084901833282e+01
4.963682496241496978e+01
5.233996866325541220e+01
5.195022071363606386e+01
3.530219992317190503e+01
5.053634063587848857e+01
5.126334568746255371e+01
5.041156513418027885e+01
3.603415000924280776e+01
5.035199596328579474e+01
5.208910753230568247e+01
5.208116441364015259e+01
5.153234691978316562e+01
5.111827260781368665e+01
5.069358800337097648e+01
5.134134806945055374e+01
3.569992208775950360e+01
4.983814950454183901e+01
5.083998028169048666e+01
5.073138976718668403e+01
5.099262931713774094e+01
5.156523667729581462e+01
5.217032350382537231e+01
5.078051752951564168e+01
5.206688585350423182e+01
5.154196865941462136e+01
5.134312341012828540e+01
5.089459284992350518e+01
5.070617933399516630e+01
5.188710401898206470e+01
5.100755840052440249e+01
5.124682157227670132e+01
3.619453424703294786e+01
4.991229538494111750e+01
5.078924842066840739e+01
3.617345567823110741e+01
5.006219186176374336e+01
5.215828645017088405e+01
3.439721978420527648e+01
5.087609632813988725e+01
5.088373268409150540e+01
5.066935037256733665e+01
3.373539004898138671e+01
4.907037985208144448e+01
5.084724895369179620e+01
5.196950710955598396e+01
5.078885520182180358e+01
5.042442374848693021e+01
3.478438145601376874e+01
4.999576076581819706e+01
3.583225476108131602e+01
4.938127472144513774e+01
5.048979137215132340e+01
5.189463575281457253e+01
5.038272611647327182e+01
5.030015977322689480e+01
3.550042531989497974e+01
4.998540382363403012e+01
3.526811713899374467e+01
4.961088962387515267e+01
5.031083598474234009e+01
5.099900443389469729e+01
5.122900706661580728e+01
3.374929949780437966e+01
5.015655628604673666e+01
5.033056242873244912e+01
5.105929920431957214e+01
5.038054568481787499e+01
5.086367773959151606e+01
5.102327088474208949e+01
5.047585770626685076e+01
5.021339516288412597e+01
5.015487998582208462e+01
5.014937422552572599e+01
5.102000073876568820e+01
5.146370776556059923e+01
5.128937664072112312e+01
5.155690154036076223e+01
5.022372690591749489e+01
5.019751046993922472e+01
5.014884056929107459e+01
5.115905744507793429e+01
5.178393644826122966e+01
5.030292503619327249e+01
5.019418977010072780e+01
5.064869664862154508e+01
5.010998414541694501e+01
4.997906755491484887e+01
5.042719778367095529e+01
5.027456483789034536e+01
5.116008572855176340e+01
5.037372526952889018e+01
4.976338171232449525e+01
5.037747166899804085e+01
5.020139544292410250e+01
4.942474248144911542e+01
5.083536695083702028e+01
5.113990532677519241e+01
5.137292583272253665e+01
4.997033287865960460e+01
4.964994722764138402e+01
5.031902104158265132e+01
5.004699261420891787e+01
5.114548986109151940e+01
3.574599568774703329e+01
4.854907787762882521e+01
5.037286785636747766e+01
5.078831305810168573e+01
4.921829770890980171e+01
5.027763732325468027e+01
5.101723536886380117e+01
5.001512371398293055e+01
4.984092710997951770e+01
5.156749086161028117e+01
5.027823291953506413e+01
5.024787078935092666e+01
5.026430656814311959e+01
4.963400293156180965e+01
3.549576415783099037e+01
4.945716662169147781e+01
5.088413642558225547e+01
3.656049430245563059e+01
4.893048259343728290e+01
4.960747110109450375e+01
4.936510103473644051e+01
4.916224740329531073e+01
5.027610737427449550e+01
4.996719532512467055e+01
3.557155516332114331e+01
4.823854711271280138e+01
4.969173735881820164e+01
5.039922497989792305e+01
4.946545032401107989e+01
5.048593663889899119e+01
4.904906468256025676e+01
5.021758340310207558e+01
4.901846322401791411e+01
3.534725079858357333e+01
4.851360493829733400e+01
4.958638225335691629e+01
5.013906773252194427e+01
4.984393807054031811e+01
4.913760622485740726e+01
5.044070047764157749e+01
4.956499638336873659e+01
4.955596608886796872e+01
5.003095434956469489e+01
3.459014186242685440e+01
4.826209674698743157e+01
4.938199425357538530e+01
4.878518417238173299e+01
3.434658678010998045e+01
4.874614500418041985e+01
4.982709142815200920e+01
4.887118378372503003e+01
5.039163293450252468e+01
4.965532608109606372e+01
3.452579416615390784e+01
4.780001394320191821e+01
3.582538179114162347e+01
4.842228607202719814e+01
4.941286214270290600e+01
4.929894378085479190e+01
4.881760363026989324e+01
5.043211411965645397e+01
4.944881894748701257e+01
4.971826424129754685e+01
4.863807649960995150e+01
3.546239583814265472e+01
4.812228226057290925e+01
4.901078216919964348e+01
4.952845192116865292e+01
4.832450844211056307e+01
4.913655387690462817e+01
4.882199933833926764e+01
4.902333376862794978e+01
4.890665110365674906e+01
4.988689558366841936e+01
4.922296283786196369e+01
4.989196368709705354e+01
4.819031249254194904e+01
4.999510166516177634e+01
4.925205186046724037e+01
3.512293605810828723e+01
4.768954722792202006e+01
3.520578200130003665e+01
4.822510032338402652e+01
4.897553012541115436e+01
5.001000918941618067e+01
4.841129850220239916e+01
4.959095299129808865e+01
4.875656049894383415e+01
4.858034125027830896e+01
4.844701919711723548e+01
4.850354445680671489e+01
4.963789353156157347e+01
4.951884773704728815e+01
4.862714137658078073e+01
4.942402558982022498e+01
4.870052270103224856e+01
4.940680740587053066e+01
5.020459099906451428e+01
4.831987365172959414e+01
4.948546118580690489e+01
4.896432715309806127e+01
4.910235868459415798e+01
4.858266579419430542e+01
4.832350113025999150e+01
4.896101659011738860e+01
4.870065570823275891e+01
4.868002895722210610e+01
4.855127526154705464e+01
4.890731634720297194e+01
4.924632400423870848e+01
4.804128117953943189e+01
4.947072869515285021e+01
4.943272420383988219e+01
4.816854931316660071e+01
4.884289058858752952e+01
4.938602023067235791e+01
4.793909322287360197e+01
4.887524068227970275e+01
4.871668995965606541e+01
4.939024059630133223e+01
4.849943575512223504e+01
4.891258232670806905e+01
4.921558501031865518e+01
4.844821496657095850e+01
4.814471049260544788e+01
4.766853481490394984e+01
4.847074025343736281e+01
4.924455331629482657e+01
4.863346852178256796e+01
4.838397415841370730e+01
4.864107216838424819e+01
4.871967506512640256e+01
4.855933322502172445e+01
4.860933227604594009e+01
4.825651897335131935e+01
4.800336101788092691e+01
4.795992231666672012e+01
4.797441342223045524e+01
4.840517900790365502e+01
4.848293250769616236e+01
4.810643568042333129e+01
4.760503130722475618e+01
4.791591121463584102e+01
4.795790734765310503e+01
4.842393969471822146e+01
4.803097983828128292e+01
4.834812109817298165e+01
4.797858815017870882e+01
4.857209082135759104e+01
4.844305803466213689e+01
4.825926997550773478e+01
4.773436436176427833e+01
3.531562850276942100e+01
4.656839477067697430e+01
4.863322396882750809e+01
4.680020148175094619e+01
4.714619561249875090e+01
4.757885920523376910e+01
4.771458421107703174e+01
4.690964910461732984e+01
4.844810750869115878e+01
4.781145742139253940e+01
4.808218893748888689e+01
4.850739432233483939e+01
4.756101100806864679e+01
4.861555662214504281e+01
4.692913848049965964e+01
4.808153129780041013e+01
4.730108182720334753e+01
4.797381712642271623e+01
4.825070203333060448e+01
4.841072640476740929e+01
4.719819825028918103e+01
4.811858548317890438e+01
4.782348455977849966e+01
4.769196939405976821e+01
4.814120823836587704e+01
4.788476173622993315e+01
4.714483241380521150e+01
4.759205854747919773e+01
4.758593483360613163e+01
4.794424769223595462e+01
4.826544281267822356e+01
4.885306874848819092e+01
3.468630927423501475e+01
4.643905994460761377e+01
4.828665077199023870e+01
4.792776838964687158e+01
4.785085564964317939e+01
4.793673300646882751e+01
4.812239627166109557e+01
4.780238554075582869e+01
4.717424979149758002e+01
4.762922313040936473e+01
4.742100834141882615e+01
4.748745806600673802e+01
4.748671930018736731e+01
4.694973486217125469e+01
4.663679084236647299e+01
4.738625449775683052e+01
4.750849562939013992e+01
4.708201461136364685e+01
4.713915034400148585e+01
4.672286448885687093e+01
4.756702094796313673e+01
4.739796411332985571e+01
4.676553077686432403e+01
4.802149145027096466e+01
3.435186249604079478e+01
4.618294829573907379e+01
4.728961459333411455e+01
4.646766930876589896e+01
4.775238752311911128e+01
4.720113067765633730e+01
4.630881486128862434e+01
4.683928947848136204e+01
4.776292738998268561e+01
4.788266327309530368e+01
3.582296510800640021e+01
4.534709211268882001e+01
4.769697280305526021e+01
4.683723418822513196e+01
4.722049428300608298e+01
4.644734789057188351e+01
4.725943282819013547e+01
4.730142480616768808e+01
4.709352446558471428e+01
4.636307636289468093e+01
4.778121481594915565e+01
4.759680983090701289e+01
4.707917662888858246e+01
4.616143242917312506e+01
4.702227722267391385e+01
4.734958400243514376e+01
4.687940057364939861e+01
4.753436214957222461e+01
4.655404009590274228e+01
4.696156331389168770e+01
4.650222666648058123e+01
4.703679193035902273e+01
4.709032925874605269e+01
4.663264356051920601e+01
4.730759936285088685e+01
4.699510801813090666e+01
4.669774932766586772e+01
4.736489183767839251e+01
3.483456974568343156e+01
4.524977844999918375e+01
3.468099882517133636e+01
4.582981963461836727e+01
4.707995483011378468e+01
4.659759119172257869e+01
4.669533600387391914e+01
4.665502984238273854e+01
4.668886141642575893e+01
4.611758093525976676e+01
4.647489680896397601e+01
4.641240635735540820e+01
4.685125348351689922e+01
4.630446311695806827e+01
4.610254823385126599e+01
4.604739826679332992e+01
4.742671474501783990e+01
4.734574226910177686e+01
4.701689104150112541e+01
3.536862280553779669e+01
4.485617561204027481e+01
4.698472601802016868e+01
4.616789189164838092e+01
4.613898941306995027e+01
4.596446319290173221e+01
4.696421540463330047e+01
4.594119145551354677e+01
3.557469381069260095e+01
4.550786065795977464e+01
4.563259230114312004e+01
4.620429635910866750e+01
4.613331330308685096e+01
4.666648441779229017e+01
4.681442055088760412e+01
4.748443681818552875e+01
4.687459289948728269e+01
4.632449360298533492e+01
4.616648671190821318e+01
4.703260390460269491e+01
4.616605643327677910e+01
4.624245892980513872e+01
4.640486025151305682e+01
4.686695066786189301e+01
4.556450025627126621e+01
4.656081706020847122e+01
4.635286289852269448e+01
4.613189532290890327e+01
4.604744887094673089e+01
4.596123565200016259e+01
4.664637458971236583e+01
4.649033050734742289e+01
4.668455820733479555e+01
4.673023868829714189e+01
4.661925762338437806e+01
4.600760007382469752e+01
4.576460517113018511e+01
4.634727807497110064e+01
4.657897141500411919e+01
4.618619953110645326e+01
4.521935461903319009e+01
4.591156341483135606e+01
4.545950955086546230e+01
4.585099392652041672e+01
4.529154226049139709e+01
4.626172918382314236e+01
4.603872960841150785e+01
4.580681265912743783e+01
4.563139610506828348e+01
4.554373427194400392e+01
4.638984343751950234e+01
4.598134130853721757e+01
4.620042540080052618e+01
4.623144772419101400e+01
4.550716958136520418e+01
4.589314658073791975e+01
4.623016594025735060e+01
4.562296658407738192e+01
4.601832627484910176e+01
4.581047681676872685e+01
4.589755895435450128e+01
4.537169105796952095e+01
4.602248353061334996e+01
4.579369097986352699e+01
4.571242626044834623e+01
4.574968271344040716e+01
4.565888447360124047e+01
4.554493771968999738e+01
4.600795871227889222e+01
4.649460726785982700e+01
4.557553199784022269e+01
4.564054264720650167e+01
4.568228806424045985e+01
4.571545363426236719e+01
4.555531249089553114e+01
4.539953355488360387e+01
4.578951895312452791e+01
4.511738925405755651e+01
4.593848195654680922e+01
4.561094563686901182e+01
4.590759012902076819e+01
4.561228731188652574e+01
4.500554311696848941e+01
4.525286673456750464e+01
4.568629457768799540e+01
4.605632485563550205e+01
4.561521742763579113e+01
4.630444852207146056e+01
4.534825554602453934e+01
4.565726650307129830e+01
4.509024579113672360e+01
4.470243563293648492e+01
4.457637906061778210e+01
4.617969480638103619e+01
4.574482926837224284e+01
4.502187229972232529e+01
4.575036583065840290e+01
4.561387045562937459e+01
4.504051685849130848e+01
4.477564141163772859e+01
4.539462212845529621e+01
4.518045659307415463e+01
4.523794147867555182e+01
4.538073419307746548e+01
4.519595112045669083e+01
4.465464877625608864e+01
4.502882304548368353e+01
4.514343372142736399e+01
4.549204990094272461e+01
4.499751025019880757e+01
4.516882908419122344e+01
4.479369271427196963e+01
4.537506232740611267e+01
4.494857174416233647e+01
4.430323273379742943e+01
4.496540592237850120e+01
4.520465958527702810e+01
4.515350871219821727e+01
4.556945619047692730e+01
4.568043247252070671e+01
4.509481471099687155e+01
4.519025894498882678e+01
4.496608940935735177e+01
4.526516252491421000e+01
4.453320141017552913e+01
4.532841803704914696e+01
4.456510511187003232e+01
4.582534600930065949e+01
4.523606362801454850e+01
4.419311304464913093e+01
4.470344566013106657e+01
4.514655914432319861e+01
4.537960742487091892e+01
4.507247173174575039e+01
4.470212894365324985e+01
4.459503076231042229e+01
4.413075442998655973e+01
4.537540342011305228e+01
4.501530359799401282e+01
4.531814965285252583e+01
4.393420028662733046e+01
4.532339580508924115e+01
4.463530983015022002e+01
4.524121413468883190e+01
4.508701840854499920e+01
4.495938908445206295e+01
4.462589487533118415e+01
4.482650363507991642e+01
4.479176692891914513e+01
4.511438233929032293e+01
4.446464424475070132e+01
4.486812002942003375e+01
4.529586639922232649e+01
4.479248575656686882e+01
4.452934212709962480e+01
4.495737393504045798e+01
4.431297191052673412e+01
4.468255025010116555e+01
4.437489167610822705e+01
4.455031323333874127e+01
4.451805438905805801e+01
4.484361433879892900e+01
4.489593139484800588e+01
4.444303942553199249e+01
4.437738646878781168e+01
4.468271957524712690e+01
4.507775335525538907e+01
4.393715110755059072e+01
4.459527292837466916e+01
4.506829614883111645e+01
4.445629855329973168e+01
4.502666458645625625e+01
4.474524683821384485e+01
4.455054428586811355e+01
4.364408469323004880e+01
4.453268969031881852e+01
4.431021864607926375e+01
4.430336454181318828e+01
4.387154130047687772e+01
4.450796290079126294e+01
4.502623330061126694e+01
4.439419382553823823e+01
4.413093287162012501e+01
4.420328930385118582e+01
4.417477564861609096e+01
4.415180253556744105e+01
4.380836610662876751e+01
4.473778730769701895e+01
4.413086374594664107e+01
4.477405171794542582e+01
4.420991727190576626e+01
4.409813201284256223e+01
4.488325274427733547e+01
4.485467120996688806e+01
4.452701310538383694e+01
4.407794621518506517e+01
4.449657125606005792e+01
4.430789906331648353e+01
4.416596405906271627e+01
4.376778514667611120e+01
4.437828819895182164e+01
4.407970763058092700e+01
4.509082862265508140e+01
4.400719893402660432e+01
4.447010697502856402e+01
4.496955756667620818e+01
4.419792253736719800e+01
4.392690420939476326e+01
4.349713243488141501e+01
4.432272949794903383e+01
4.391653449828703515e+01
4.459509424713783687e+01
4.456813536749562843e+01
4.400817263818326808e+01
4.422472333935643007e+01
4.449681397568942032e+01
4.411301432388468413e+01
4.448620205912116887e+01
4.428885391831281026e+01
4.472505544917617470e+01
4.399536071241786317e+01
4.403184553996060657e+01
4.404288053967363226e+01
4.423469979696848497e+01
4.467978627322875695e+01
4.441048160715988757e+01
4.304864126501790622e+01
4.377835114483219314e+01
4.423896075348289969e+01
4.411800847714246032e+01
4.397013976984423067e+01
4.361775466278359659e+01
4.380621867521254842e+01
4.380622603263739023e+01
4.401071656596926829e+01
4.344978998840511508e+01
4.397538311263668476e+01
4.298421608593358201e+01
4.424129879005008803e+01
4.378859085262953244e+01
4.404125899859698734e+01
4.344926961613437300e+01
4.450541590764125743e+01
4.405206499853940727e+01
4.362623513602224534e+01
4.323829235876139876e+01
4.392314851347065030e+01
4.462619489458359112e+01
4.342080856856322413e+01
4.370878977327295445e+01
4.398955770374916341e+01
4.381441192614148150e+01
4.374061276820492594e+01
4.384498575454380642e+01
4.428240353419952413e+01
4.385972643811569327e+01
4.351211562271772948e+01
4.347799392315125289e+01
4.372621495130319147e+01
4.395339342265337734e+01
4.357814858312919171e+01
4.379206176144349882e+01
4.398757741435750290e+01
4.401445586121595710e+01
4.375169266984153182e+01
4.337182595782523009e+01
4.377173103918075725e+01
4.327632244936538086e+01
4.377301411452326363e+01
4.384891195538776998e+01
4.394276038004187512e+01
4.346650405982846621e+01
4.394943229386033323e+01
4.324368344541814224e+01
4.299099638010068247e+01
4.345947678530380642e+01
4.281690592138099305e+01
4.262534974745538818e+01
4.351340583719148469e+01
4.314405881022054956e+01
4.364600996024839219e+01
4.395073841810825144e+01
4.326243621177044929e+01
4.368787502671475664e+01
4.398032957952342059e+01
4.296372977211196797e+01
4.328905439553742696e+01
4.344905353912039203e+01
4.316922201749849108e+01
4.337883162467976206e+01
4.293729428819048621e+01
4.341938710742712004e+01
4.381913585806657352e+01
4.323847919382886573e+01
4.362342456377962208e+01
4.319535710205305890e+01
4.308733248690230511e+01
4.386563800839446259e+01
4.250066168591486360e+01
4.299906691393542957e+01
4.309441509404819470e+01
4.322761869129256240e+01
4.333831754961099136e+01
4.271343640832373012e+01
4.289222544455324737e+01
4.296204025760302869e+01
4.319527084245832782e+01
4.243868066636457570e+01
4.317846406360024503e+01
4.325063378346809628e+01
4.338465316672046157e+01
4.335866813499940520e+01
4.332401794396758277e+01
4.335320502665626208e+01
4.362851024844196957e+01
4.297130405672049847e+01
4.249013510646320668e+01
4.278763125215061791e+01
4.329444137066505505e+01
4.262399797196819407e+01
4.305064491607304689e+01
4.302759389816623781e+01
4.305343927690672956e+01
4.290975607846162632e+01
4.355480085257495659e+01
4.373505794896770738e+01
4.341049247483931595e+01
4.328735949536566352e+01
4.280448615160003811e+01
4.264890890853406802e+01
4.227647419728139511e+01
4.301961791915086764e+01
4.281680654243821493e+01
4.273005747162410728e+01
4.295471831151255060e+01
4.301860015033574314e+01
4.321436937411587564e+01
4.269512614158589514e+01
4.305843872088088631e+01
4.323895636035135226e+01
4.363380602445307943e+01
4.342742506195108376e+01
4.317137780145361603e+01
4.351766704723382873e+01
4.286894967999847239e+01
4.256861582363985974e+01
4.328454644620443048e+01
4.324219894029158695e+01
4.241100653442637736e+01
4.271988828518786363e+01
4.312547242096857047e+01
4.293079110714376867e+01
4.264423595272804590e+01
4.289481038844741079e+01
4.268363620231237121e+01
4.226206676592188671e+01
4.251548927532483191e+01
4.286558543670366106e+01
4.282145160826704711e+01
4.255396435346992234e+01
4.280057140793702075e+01
4.238200386904759398e+01
4.242550823562368834e+01
4.303387775115589875e+01
4.256239684564138059e+01
4.291528872193158861e+01
4.300974922310903992e+01
4.225619017465378136e+01
4.297950889721654022e+01
4.330423152063543313e+01
4.261580253649218974e+01
4.318127466293075400e+01
4.265051251583562930e+01
4.280476306386742635e+01
4.230339878494285699e+01
4.331961986983538537e+01
4.225030653903933597e+01
4.241612010737946292e+01
4.282791257057164103e+01
4.261155297742288894e+01
4.269143444736342730e+01
4.234452944426650589e+01
4.250969307390684548e+01
4.239114822346063960e+01
4.246218861208420492e+01
4.260553897901444032e+01
4.270118676477083852e+01
4.215309586601985359e+01
4.293704426905782867e+01
4.227231716528101657e+01
4.279330783212971312e+01
4.236298030174482676e+01
4.259756138436361539e+01
4.296919764321440738e+01
4.224952120972970704e+01
4.261016963425070969e+01
4.264760567138934988e+01
4.258726360312327586e+01
4.236638702167235948e+01
4.248856873029316006e+01
4.273843031021867489e+01
4.194731669868032498e+01
4.242498393566184234e+01
4.214684651184042963e+01
4.257791799928628507e+01
4.176463757238004604e+01
4.210399377564994694e+01
4.232132594346033727e+01
4.251874490742626023e+01
4.203038178583603468e+01
4.250624765530288585e+01
4.207627693252470635e+01
4.308988471846390667e+01
4.216123302081469149e+01
4.251027688184263553e+01
4.206844941380985148e+01
4.235535916187005512e+01
4.194304624823870853e+01
4.238759297662600289e+01
4.280319463343899145e+01
4.239241993040889867e+01
4.240377561753624036e+01
4.255446121643093704e+01
4.248121341126669392e+01
4.234015651641391997e+01
4.261423369424867502e+01
4.204731786472743238e+01
4.219585753991765387e+01
4.193718913114673086e+01
4.271510558033672567e+01
4.247046732124292845e+01
4.198680505960936671e+01
4.237931131260503292e+01
4.242011732396934320e+01
4.257488660418937343e+01
4.205795534432393623e+01
4.187591809255798125e+01
4.226006271366750866e+01
4.166531559820054298e+01
4.199595265620820328e+01
4.248728174901249588e+01
4.244041830462540332e+01
4.226042638212474856e+01
4.231835843327708346e+01
4.233510709884348699e+01
4.253986669715273194e+01
4.203388852150820298e+01
4.208967077157974046e+01
4.183517424167922627e+01
4.281089928616587059e+01
4.224676362540499497e+01
4.236723214807233973e+01
4.269662139177195570e+01
4.194568662049277918e+01
4.268678981506011638e+01
4.237237556700358709e+01
4.207083318725693033e+01
4.198504340156334536e+01
4.230662118684929851e+01
4.146102674657647214e+01
4.185983642612978173e+01
4.258005959290633058e+01
4.253011482904110352e+01
4.197423256990225582e+01
4.181373361829338364e+01
4.211702113592026819e+01
4.279385969352475172e+01
4.200225493092862195e+01
4.182377868658220876e+01
4.268359535878583699e+01
4.216963609165725302e+01
4.210813085847666315e+01
4.200595208830476679e+01
4.180084110340411740e+01
4.193610816282023279e+01
4.179917966986243272e+01
4.278835933358420363e+01
4.205946231856692918e+01
4.178369893012062875e+01
4.227934609480547579e+01
4.189244220668145147e+01
4.168033165892505565e+01
4.180674474329263290e+01
4.158747437064488395e+01
4.196907569738655752e+01
4.203591772549818018e+01
4.224966937894695462e+01
4.201389809577388945e+01
4.196910927995049434e+01
4.146120359097702135e+01
4.246184317899221128e+01
4.177797835700550877e+01
4.206887337089402479e+01
4.164228557278344311e+01
4.095878128877361490e+01
4.181499771573972168e+01
4.218127059610311846e+01
4.181122817919209211e+01
4.158009438560112869e+01
4.188101598179625285e+01
4.155542685776801193e+01
4.176107977967210161e+01
4.229942591011623421e+01
4.214010140855531006e+01
4.166981540524061245e+01
4.184246115034805058e+01
4.156967400055059869e+01
4.166152262770459913e+01
4.175150630111902217e+01
4.168763554235158608e+01
4.099256694588270733e+01
4.174214091192761344e+01
4.143912974651242109e+01
4.160336680150290078e+01
4.217445218477652702e+01
4.172345434610971182e+01
4.173928336555893992e+01
4.091579290216482434e+01
4.180664300380919229e+01
4.155718444001132639e+01
4.117549645222671018e+01
4.127025867686577953e+01
4.152715787032798289e+01
4.099200526942230738e+01
4.166599986950529200e+01
4.156009575182959281e+01
4.136050227433931070e+01
4.119171430378429477e+01
4.085302523923333240e+01
4.171152529442897361e+01
4.140086415137074738e+01
4.202020723726433715e+01
4.161545160555125733e+01
4.192611561169567125e+01
4.221941313746796709e+01
4.121444999123651343e+01
4.187328115454303656e+01
4.151610964541023208e+01
4.197029362614961912e+01
4.144597306187675656e+01
4.129854477133273605e+01
4.156700264552716817e+01
4.198299906390289493e+01
4.169633318344853734e+01
4.164941795824400828e+01
4.141862115594352645e+01
4.173596506713788301e+01
4.102455679517181864e+01
4.125499913974869770e+01
4.174393974436018340e+01
4.108706859024549374e+01
4.121812701141884361e+01
4.134980647985561575e+01
4.138082965225905241e+01
4.118794099131577013e+01
4.124563829735883047e+01
4.126302253618460014e+01
4.160665653776234763e+01
4.093554853367827207e+01
4.166554141863752392e+01
4.124049452381149905e+01
4.115121533324926162e+01
4.138838465644301579e+01
4.116190807905198312e+01
4.148052657128120302e+01
4.139622708457951461e+01
4.063119579658626179e+01
4.109017980239540435e+01
4.120108391732897246e+01
4.190359052135893592e+01
4.151528110058043097e+01
4.155342833285704529e+01
4.160608797581708984e+01
4.132492264388577041e+01
4.171847262661641764e+01
4.113670978039012027e+01
4.120207733021656082e+01
4.089257021977655882e+01
4.094497645847534528e+01
4.126746541854237194e+01
4.116202649843879868e+01
4.117861632683776207e+01
4.154581431062954522e+01
4.139775232088463497e+01
4.139593451461676921e+01
4.079502425178304748e+01
4.142136739377494337e+01
4.121824954987526723e+01
4.094169380409031334e+01
4.161048808485327299e+01
4.141605933533359263e+01
4.126954537618011187e+01
4.126995261228553602e+01
4.064813444795123587e+01
4.054427761385082363e+01
4.141137427547178618e+01
4.101541948725534326e+01
4.128321281400245368e+01
4.109773211681195448e+01
4.128878130196454777e+01
4.061040960217762574e+01
4.071413610786204629e+01
4.120920693222176823e+01
4.150748136639600716e+01
4.104167507027013073e+01
4.063180437325641492e+01
4.085688378199564141e+01
4.045873309610588109e+01
4.121224704261020122e+01
4.157922463929661205e+01
4.102498543505800654e+01
4.141295968053211141e+01
4.125454828583978184e+01
4.125241344967979273e+01
4.074476841679803840e+01
4.135805989482730638e+01
4.090038235245462062e+01
4.107627475188991895e+01
4.171704046389734089e+01
4.064856484072670639e+01
4.103792014270584332e+01
4.048890977441981676e+01
4.123223216264696589e+01
4.082513482425590468e+01
4.103729330582185497e+01
4.029027623820667969e+01
4.111432231120343772e+01
4.096603137816933327e+01
4.119806861307738899e+01
4.093712620545707637e+01
4.104384516913138015e+01
4.120590281550676792e+01
4.096056652145530563e+01
4.098089878217573556e+01
4.101386189058344200e+01
4.047963894745401348e+01
4.102395430733771065e+01
4.103763297806041521e+01
4.080692480050410609e+01
4.065308098338802267e+01
4.087195214865886328e+01
4.096591012727466818e+01
4.095862009054240360e+01
4.114309748105554831e+01
4.117113027330061925e+01
4.079076251339026982e+01
4.078653002419002860e+01
4.086812561343291605e+01
4.086649125323538101e+01
4.046504252842719040e+01
4.129677069546606560e+01
4.128399900025416969e+01
4.069459734406011364e+01
4.075160600703285496e+01
4.089592127053976611e+01
4.054278399121271548e+01
4.090433008944247462e+01
4.111466457979098266e+01
4.110488023914852107e+01
4.091768942155073319e+01
4.120308064526985703e+01
4.035459357125169788e+01
4.067778919394057624e+01
4.075568653203169589e+01
4.117102975602094972e+01
4.072523754147883324e+01
4.095578540902743470e+01
4.073767991025204793e+01
4.110312802456503078e+01
4.057705496095666575e+01
4.060769859068625465e+01
4.106835578706853340e+01
4.087763860056426068e+01
4.076012143251532649e+01
4.027001316689084121e+01
4.115372129778310040e+01
4.051031074333106829e+01
4.039839585065436012e+01
4.039476335558672560e+01
4.018526922371453480e+01
4.112479406368859713e+01
4.011809043845686062e+01
4.057999575310171281e+01
4.090584734928566490e+01
4.031079472894592186e+01
4.107630860554814944e+01
4.084492874836182352e+01
4.079715866042491967e+01
4.024165707126071823e+01
4.083443764393125264e+01
4.040874720326353753e+01
4.105784012417080220e+01
4.062665254923833658e+01
4.100005852159197417e+01
4.081164576217474149e+01
4.036599677748193216e+01
4.011571330444875372e+01
4.077493522541816873e+01
4.026428369552910169e+01
4.096227708170410153e+01
4.046129957225858931e+01
4.051957461516789749e+01
4.085853659685444228e+01
4.115917700565669435e+01
4.051043456398468834e+01
4.020082886600182803e+01
4.099846231311905598e+01
4.096948843977335031e+01
4.091041223494342205e+01
4.038334511396045912e+01
4.025100754543083070e+01
4.057844202419573776e+01
4.076141849018156194e+01
4.096261738847299938e+01
4.087280162262894123e+01
4.087543535882693391e+01
4.046429592238453665e+01
4.043636084491028981e+01
4.060028676720165919e+01
4.057287818017721293e+01
4.088448154029206449e+01
4.069539047104728979e+01
4.046219064710987112e+01
4.006120724836478786e+01
4.052281587514352879e+01
4.075502450899151796e+01
4.049883437093704686e+01
4.017379756803095603e+01
4.021606210504454282e+01
4.020228548078917186e+01
4.063794749974690035e+01
4.085939915553741741e+01
4.050623810399048352e+01
3.993029507884744334e+01
4.054727866762623734e+01
4.036576477664429774e+01
4.021129501483706292e+01
4.051145046920731829e+01
4.092358029099758454e+01
4.048248623172271721e+01
4.128763488979468832e+01
4.053494025892940300e+01
4.036198095078734127e+01
4.071085482576186365e+01
4.015931041378391342e+01
4.125291941419587260e+01
4.058342517258688531e+01
4.040033719361731102e+01
4.018735611826879506e+01
4.039775844671536476e+01
3.989361846962837177e+01
4.061139127745229871e+01
4.049420281056357140e+01
4.022888500925665767e+01
4.016380212948311623e+01
