3.381261306131527533e+01
3.486176608706872315e+01
3.388558370396537356e+01
3.505798057599264439e+01
3.405616877337200066e+01
3.305679164159170824e+01
3.500046951082624247e+01
3.337263230852747853e+01
3.303277020439258393e+01
3.308888941801019712e+01
3.340080465782754970e+01
3.300974883639998581e+01
3.354221946591479053e+01
3.295404767195604023e+01
3.333955845488964798e+01
3.315851717608981630e+01
3.267564859584656034e+01
3.297530812144075441e+01
3.322010151755175400e+01
3.294330986241646997e+01
3.286039821865082899e+01
3.294613688759370262e+01
3.281252664105588934e+01
3.280143475568404199e+01
3.270082609140006724e+01
3.275721123407436863e+01
3.276907708681694231e+01
3.279808916489919568e+01
3.292736364987337794e+01
3.258603542235596962e+01
3.301115181482859384e+01
3.269784035331989713e+01
3.286400519151829513e+01
3.278457099958101395e+01
3.283035817480652696e+01
3.285104984898966762e+01
3.289395313789910347e+01
3.316634868829622462e+01
3.278681743449716635e+01
3.297411890944210455e+01
3.267660590925306252e+01
3.271643384803949317e+01
3.272836976548260424e+01
3.279821063278100723e+01
3.294744010425620218e+01
3.277028798977545421e+01
3.283095780939753183e+01
3.284528406895286423e+01
3.284705315105886569e+01
3.270178222574740801e+01
3.266733099731960266e+01
3.282408894720060744e+01
3.267696595909480095e+01
3.291409572878492895e+01
3.280442343313195153e+01
3.284234999854322012e+01
3.281746539202731583e+01
3.290252075142632293e+01
3.294490420203715786e+01
3.283506083475183601e+01
3.290698719449657972e+01
3.274631611586526247e+01
3.278451046761897913e+01
3.266131367002261499e+01
3.264503469023113524e+01
3.287428885956722979e+01
3.277164709812905130e+01
3.280514742511211779e+01
3.283562944367012193e+01
3.294443616868089464e+01
3.285918850285043646e+01
3.289299821238230948e+01
3.286165957446021224e+01
3.257753306918151281e+01
3.291630520497160006e+01
3.272087055242745635e+01
3.255190651205684560e+01
3.265507797580269056e+01
3.276444774321007714e+01
3.288884865938254620e+01
3.278959773042632264e+01
3.261784727503764714e+01
3.268419248271909794e+01
3.270000731861302512e+01
3.285072040988091402e+01
3.286926994788857570e+01
3.281310431147844042e+01
3.277580386695550629e+01
3.286998052980180773e+01
3.293198892221641216e+01
3.280066930157268956e+01
3.278378779647236740e+01
3.272772642335927173e+01
3.269607136463720565e+01
3.280003836091393055e+01
3.285479958086978058e+01
3.273113579267145212e+01
3.274031764933399558e+01
3.262672261423549713e+01
3.275173748828621711e+01
3.265905122805306604e+01
3.280972996892143101e+01
3.277264559114721010e+01
3.260748379672259745e+01
3.255604027913956600e+01
3.277038383950671374e+01
3.279374544577699879e+01
3.268392129675876845e+01
3.255273526206071466e+01
3.279153667302997377e+01
3.278031049964373267e+01
3.275491939292121657e+01
3.267765613578698236e+01
3.280247712286019635e+01
3.289921197475560177e+01
3.289128250445588719e+01
3.283804496667826101e+01
3.275464754026879888e+01
3.285286141707469199e+01
3.269584027497767664e+01
3.279917619340739066e+01
3.266042377593389290e+01
3.296120799597734674e+01
3.269862553311891418e+01
3.291845559646834829e+01
3.285292786575201518e+01
3.273241012351162738e+01
3.260652253467939232e+01
3.286278729310761548e+01
3.280684982304536845e+01
3.261216616410634828e+01
3.276154749229547036e+01
3.260955825803184638e+01
3.287936130429572046e+01
3.285262157658733173e+01
3.255753620104157164e+01
3.287384750887359530e+01
3.282593795019339922e+01
3.279657817874901582e+01
3.275001232801130158e+01
3.283950968049553154e+01
3.277679274003105547e+01
3.280980889768554931e+01
3.275386312834574198e+01
3.270350469598712095e+01
3.286637782665643925e+01
3.275766499451383140e+01
3.277218803076397080e+01
3.275620728515561808e+01
3.279665729655830120e+01
3.283478030367935219e+01
3.257092852393132176e+01
3.263136401888929328e+01
3.280972009988815330e+01
3.287510160136552884e+01
3.265331404996226894e+01
3.276487539208687849e+01
3.280810659862828516e+01
3.279051077490650101e+01
3.275459618965926012e+01
3.262908329141819763e+01
3.271945726380715769e+01
3.265479659843374094e+01
3.276509601275650141e+01
3.273443089558246299e+01
3.266937337619281578e+01
3.263618452253808755e+01
3.290435233111799818e+01
3.281278975025733047e+01
3.278570710704320135e+01
3.277291895850309089e+01
3.259464446613853283e+01
3.268127751188096397e+01
3.269988561135903637e+01
3.281190853366870641e+01
3.264431507202940708e+01
3.270146327188648883e+01
3.255417824439207664e+01
3.270044890527017856e+01
3.259568555262214318e+01
3.264914195906950312e+01
3.277568092746098927e+01
3.267962826177743096e+01
3.269771117202807886e+01
3.270535028847864822e+01
3.283587585606648673e+01
3.256211857156602463e+01
3.268377475674574129e+01
3.261105760403110310e+01
3.275267406923671132e+01
3.267414357916060652e+01
3.257255047748920873e+01
3.271856123995790711e+01
3.259873657514379630e+01
3.267195959101951530e+01
3.267779125558098485e+01
3.274376527486560917e+01
3.267057051363113374e+01
3.265204439376688583e+01
3.262499080546088948e+01
3.262408239280195232e+01
3.278562509782794621e+01
3.268727046752091780e+01
3.288454048697059307e+01
3.270849816847741920e+01
3.258716503712964396e+01
3.248534784190785984e+01
3.291635053765543262e+01
3.274054605424463915e+01
3.263106472938910230e+01
3.282330492978454117e+01
3.253969810835138787e+01
3.279589261429629943e+01
3.300846844293895543e+01
3.272641738450620608e+01
3.280823412185067411e+01
3.267722423601521342e+01
3.283396009420685147e+01
3.262856507290657504e+01
3.269524421831373218e+01
3.276747515902815877e+01
3.270455033788356758e+01
3.274769740836943299e+01
3.262086078909763387e+01
3.264183316576928462e+01
3.279698750231372628e+01
3.264332329075112682e+01
3.281879549810226848e+01
3.277856125165079249e+01
3.271068488747589953e+01
3.275895848778094432e+01
3.277299750100248588e+01
3.274317140094863277e+01
3.287202190397898249e+01
3.276500602287242003e+01
3.266409360422902353e+01
3.266901227455111467e+01
3.273236330910379621e+01
3.275538690823215404e+01
3.290369418475012964e+01
3.271522408243895796e+01
3.268857988644643342e+01
3.274143296169653183e+01
3.275680559731891606e+01
3.256561849172626211e+01
3.283348773219658057e+01
3.291922612079174826e+01
3.276190259613358791e+01
3.254628694732869576e+01
3.270098262203133288e+01
3.264330528134586018e+01
3.275752960240416911e+01
3.261833798138570728e+01
3.267787610539520671e+01
3.273679136291810465e+01
3.270092957362409436e+01
3.261078627684898379e+01
3.283596586229432290e+01
3.290607845205585136e+01
3.258415343527154562e+01
3.256634338630141912e+01
3.257287401910138414e+01
3.279127868481598540e+01
3.254017408604686068e+01
3.258165386141435249e+01
3.268299155844945147e+01
3.260265493680968518e+01
3.268643047892382469e+01
3.276282852014381319e+01
3.262844027895645382e+01
3.267851111361727590e+01
3.285058378762946063e+01
3.278477252810799314e+01
3.271858448431542143e+01
3.269853193616371101e+01
3.289430326646199632e+01
3.278029029626994628e+01
3.284870011959903735e+01
3.276186068594272172e+01
3.270459582082027339e+01
3.269665100813517711e+01
3.248511529864349967e+01
3.254799254653060103e+01
3.252682217793780950e+01
3.274391771183512390e+01
3.273863263217050701e+01
3.273024352434972428e+01
3.251875210709786757e+01
3.266022320665101120e+01
3.272974659628579985e+01
3.264543869273426679e+01
3.279357931116407343e+01
3.280361468284434778e+01
3.267558925216322763e+01
3.258768930794341401e+01
3.275101129837481295e+01
3.260417776181417082e+01
3.266568229496943587e+01
3.283120658453197649e+01
3.277225908890772388e+01
3.262394159205659605e+01
3.262059511026249226e+01
3.271587167465972357e+01
3.267416470630605119e+01
3.272269483547773206e+01
3.266901908079322681e+01
3.280119497988468424e+01
3.266759139200079431e+01
3.260822570054495628e+01
3.290070657037596646e+01
3.263417530135139799e+01
3.291280999668406793e+01
3.289321734727449353e+01
3.287312493855376516e+01
3.271250850847373925e+01
3.280984298520350251e+01
3.282795531475220230e+01
3.278309965863930842e+01
3.266233355027318908e+01
3.288262491403668264e+01
3.264115541358451367e+01
3.278798375873798676e+01
3.279134822645202263e+01
3.276425727570705959e+01
3.273027863021452788e+01
3.278880237044026558e+01
3.269350733337876846e+01
3.277817856979999789e+01
3.264747184905829158e+01
3.298924222796448191e+01
3.268893281697665287e+01
3.283064406895896781e+01
3.269961591032286208e+01
3.264915049825385296e+01
3.273231874152123311e+01
3.257031691949837438e+01
3.266568537252591398e+01
3.293143141302194721e+01
3.273500967151309737e+01
3.285094370300096500e+01
3.285549170053889867e+01
3.275979136201544861e+01
3.294579607168091684e+01
3.267511232894225515e+01
3.295338158680258545e+01
3.286463614432848601e+01
3.253412947273056943e+01
3.299123217113184836e+01
3.280206923195022028e+01
3.263380709246877132e+01
3.279505859739483498e+01
3.280492748006452786e+01
3.251006600263949053e+01
3.260060064558653181e+01
3.289633506088772208e+01
3.267478760783466640e+01
3.282028488199873806e+01
3.281579417965990331e+01
3.280476410809773569e+01
3.254720415455010851e+01
3.275819633801923914e+01
3.258957658222821863e+01
3.263168091063696608e+01
3.257916613430304409e+01
3.296648759038433951e+01
3.268638763130671521e+01
3.280938621477834261e+01
3.276549372147245975e+01
3.273921812492810801e+01
3.279883995653053574e+01
3.291964739964791420e+01
3.300482994976476192e+01
3.276259076426969585e+01
3.276133897441835785e+01
3.266993800782174162e+01
3.275956781463651879e+01
3.261951694310452154e+01
3.301626750500369667e+01
3.280066488361596555e+01
3.274671946900974007e+01
3.276200324612789672e+01
3.275895496663969197e+01
3.278395598655173160e+01
3.263395798276759052e+01
3.256342300890093355e+01
3.268837726360619200e+01
3.271350772855146971e+01
3.277819091131079432e+01
3.277161607795120091e+01
3.269525833602483544e+01
3.282113336212879773e+01
3.258855724241350060e+01
3.263623718867291501e+01
3.283994605015814727e+01
3.307658735002205219e+01
3.303666339946144603e+01
3.272017018700789492e+01
3.264963224112278084e+01
3.251991832252123515e+01
3.294638450053125212e+01
3.260826890873741490e+01
3.289274228178450699e+01
3.263478084309388549e+01
3.276476196391323725e+01
3.273366771185542490e+01
3.277420485374417325e+01
3.277225566120852562e+01
3.293226061709848551e+01
3.272126270761177835e+01
3.279813366886705239e+01
3.270822161451996379e+01
3.268401692919428569e+01
3.284311858061914791e+01
3.286492853681873072e+01
3.279099517691255983e+01
3.294687450463973022e+01
3.254571461468157167e+01
3.284420727605088786e+01
3.278423022306651546e+01
3.265960117743049551e+01
3.278846017527741452e+01
3.275061307931843402e+01
3.260200842245387065e+01
3.274493997304966797e+01
3.267664027604291732e+01
3.286230862459368751e+01
3.258346777529750682e+01
3.277983915848128760e+01
3.272694033011229919e+01
3.282314533898883724e+01
3.312535133786376207e+01
3.267199116473361187e+01
3.284739565137779493e+01
3.290272234278183561e+01
3.270358520437066829e+01
3.279504897299401023e+01
3.276641760786677793e+01
3.285031946187839935e+01
3.260632940406422620e+01
3.278007876158833511e+01
3.283377409726790574e+01
3.287009716462524977e+01
3.269103642070270865e+01
3.256866072833009440e+01
3.272883738856165081e+01
3.297303177795034657e+01
3.286336411619237907e+01
3.297003021177864213e+01
3.268009384586071064e+01
3.274056824252868836e+01
3.278572187883853672e+01
3.280784460180902329e+01
3.281785251878895338e+01
3.283336037866989443e+01
3.283787378669262580e+01
3.272617178917089831e+01
3.265713978508717474e+01
3.307241564626070129e+01
3.283414325574290160e+01
3.277639283559508954e+01
3.257344551101316199e+01
3.278354009964441929e+01
3.301975583528173530e+01
3.280712597717570134e+01
3.275738059612067588e+01
3.291117474620880046e+01
3.279050831562982182e+01
3.277524221094855505e+01
3.265722226782217774e+01
3.281403537553705974e+01
3.267378778974324405e+01
3.269319278402024054e+01
3.289502358693631834e+01
3.281185728486719455e+01
3.288822487405903416e+01
3.261501467988266967e+01
3.269291918707495626e+01
3.273088978595848175e+01
3.262390440621276610e+01
3.285704023158985621e+01
3.290393488405773326e+01
3.261678704887016522e+01
3.285148499757985263e+01
3.292520998177302971e+01
3.282073340710508091e+01
3.285296967144952873e+01
3.262020258838165176e+01
3.292428371179364888e+01
3.259415965438770968e+01
3.294255198194245082e+01
3.267562530103239737e+01
3.262905831260788858e+01
3.257630872372324404e+01
3.264769961185589153e+01
3.266253245936970018e+01
3.274587713482983986e+01
3.276535298905683646e+01
3.286261462453824578e+01
3.282691418854042098e+01
3.283655497118569855e+01
3.276664910868044700e+01
3.271032512294002714e+01
3.268875925365892954e+01
3.281159014566173937e+01
3.298474451723502199e+01
3.271464914190026008e+01
3.278188388638236717e+01
3.279027205678652024e+01
3.286320916161600536e+01
3.269109652476772965e+01
3.305206581885972383e+01
3.267499826085364134e+01
3.297099117722977013e+01
3.265448214992084530e+01
3.265383865949283404e+01
3.272492252913480115e+01
3.285339935420259394e+01
3.299796953819267031e+01
3.293751216201386711e+01
3.285609254713945404e+01
3.282898157840237729e+01
3.269984515216476950e+01
3.276693087158326989e+01
3.270044478165785051e+01
3.279913548237259846e+01
3.257711381364478598e+01
3.310494899287623838e+01
3.254739662622476004e+01
3.271805243498504723e+01
3.276413377647551783e+01
3.285318347077809165e+01
3.262445860232335093e+01
3.292159648553331408e+01
3.287952890771519066e+01
3.271507021714513286e+01
3.266393848274308453e+01
3.283419634282359567e+01
3.284132003567239622e+01
3.297430208890580872e+01
3.259451945081596591e+01
3.275742507294715011e+01
3.295734912054238919e+01
3.287730001695829429e+01
3.282394311714187296e+01
3.287736476828362697e+01
3.306079252348217778e+01
3.296947276025250062e+01
3.302239491421305928e+01
3.331393675489948691e+01
3.269055753403886655e+01
3.265277426884707523e+01
3.273793333840974640e+01
3.266853253327538908e+01
3.281713602223722859e+01
3.273180464224972752e+01
3.272594043682944687e+01
3.285905175814304613e+01
3.288297123308911551e+01
3.289164615018462001e+01
3.270568993924154455e+01
3.272676358569976429e+01
3.308995159946833553e+01
3.305873629256610258e+01
3.287617510376315266e+01
3.275438525332646833e+01
3.265999823807526070e+01
3.304030280088326066e+01
3.267798393001665858e+01
3.267966778608615641e+01
3.278129772126564490e+01
3.283516352934710625e+01
3.272624124577703952e+01
3.281576243848032703e+01
3.271659364051961916e+01
3.282493698627883560e+01
3.285747531341790051e+01
3.277962275291740468e+01
3.278554033116322586e+01
3.295073936689875183e+01
3.278656098405372177e+01
3.277087889489602190e+01
3.276007810045877022e+01
3.287450016550418042e+01
3.304121646550681390e+01
3.284707250083116747e+01
3.262290482290065796e+01
3.265544884830138983e+01
3.291428367130197330e+01
3.277514149693300993e+01
3.269650915390784007e+01
3.297464487806670519e+01
3.273822501500876569e+01
3.290714021891449192e+01
3.278404847039142567e+01
3.291193569154614806e+01
3.262198252878131655e+01
3.288374370738200270e+01
3.264653433002842320e+01
3.286772585339129193e+01
3.284227398833964884e+01
3.311955605472854813e+01
3.272048413494071895e+01
3.287273803630474589e+01
3.289332034134665150e+01
3.281437988814059281e+01
3.278234950189665398e+01
3.281922615572280222e+01
3.283097449410028190e+01
3.308390031360354300e+01
3.308259795182636509e+01
3.317220385415056683e+01
3.259419596413043507e+01
3.261392460452255904e+01
3.274184873994510525e+01
3.292060160188900397e+01
3.261473609813756269e+01
3.292963412629694631e+01
3.282660695631721381e+01
3.290231575824541466e+01
3.304526224681723079e+01
3.279293301220294410e+01
3.282957797910750486e+01
3.302295259770125568e+01
3.282173309518376669e+01
3.278570694260385920e+01
3.312086458794303212e+01
3.308774758279253803e+01
3.287312204255582060e+01
3.301241004232461762e+01
3.297582148107613875e+01
3.277346507421349742e+01
3.314397358799519111e+01
3.298555943036565452e+01
3.282498107507615970e+01
3.286717135873800544e+01
3.283117274159894805e+01
3.276172716488825643e+01
3.301497331800223378e+01
3.286866652030661129e+01
3.269520741929072472e+01
3.286018057097989242e+01
3.279852657163497298e+01
3.289425013123832997e+01
3.267385753491582534e+01
3.292654577759938661e+01
3.280256266502397722e+01
3.316011645607851932e+01
3.286383927727920451e+01
3.295675639955832281e+01
3.298859344059252408e+01
3.297051441618304324e+01
3.287487800941031679e+01
3.334893072224084420e+01
3.279684878860977193e+01
3.286492524136910731e+01
3.295616907966176967e+01
3.301621003830548062e+01
3.273903896542478265e+01
3.319350579887899499e+01
3.281013214915254395e+01
3.281179552234107888e+01
3.307652013852266748e+01
3.315140256970160948e+01
3.271914870469154124e+01
3.296660555584981012e+01
3.290604808879001553e+01
3.291226173070666761e+01
3.271766418707379387e+01
3.318217069508430939e+01
3.275740677872479267e+01
3.277001522913849385e+01
3.288782753504865752e+01
3.287355424678058569e+01
3.274304285676594617e+01
3.295780791483528560e+01
3.305872148469710226e+01
3.304001816113992618e+01
3.277848115177260269e+01
3.295418178088191041e+01
3.284034964508844467e+01
3.321528925520910747e+01
3.296192013544792587e+01
3.290184479737394696e+01
3.286523815368854429e+01
3.306269186959988815e+01
3.282955100571820140e+01
3.260477577040661146e+01
3.296747159619306444e+01
3.293447960700452626e+01
3.282356181211791579e+01
3.281306138720177756e+01
3.295918768004951005e+01
3.282526773127799657e+01
3.277104773104814228e+01
3.283387404286303024e+01
3.294304275533436055e+01
3.294981802093395373e+01
3.265006673607283716e+01
3.279414666337909523e+01
3.287330213860713712e+01
3.302996212315898106e+01
3.263038167206309481e+01
3.279045691854187083e+01
3.289958079478014241e+01
3.289394257659098031e+01
3.276864971134955340e+01
3.290345465987604001e+01
3.272803964886790595e+01
3.276159140460915609e+01
3.286845246962306533e+01
3.268194042726888426e+01
3.283705158748939823e+01
3.279524965973074302e+01
3.303763184944076414e+01
3.307690374215984264e+01
3.285502643322315919e+01
3.350194819103849397e+01
3.292993785023747222e+01
3.263693925063825674e+01
3.288134689520852305e+01
3.312404371189600027e+01
3.298811590220961421e+01
3.275963980289910182e+01
3.287879633953015457e+01
3.307175147176879904e+01
3.331290203314584630e+01
3.270522300491011691e+01
3.309343764277776501e+01
3.273763137124564793e+01
3.312316304164823322e+01
3.290630995063464326e+01
3.282996429097300961e+01
3.294119405222929942e+01
3.292656922050425550e+01
3.301633111178594504e+01
3.286093317379423695e+01
3.270653863718005283e+01
3.298459472061770015e+01
3.302714603053172482e+01
3.294630942867335222e+01
3.275322082205520502e+01
3.294786907223032557e+01
3.287012077124768439e+01
3.290667720702252552e+01
3.286914488076897811e+01
3.269883895945136487e+01
3.267624900341572669e+01
3.314332992377086384e+01
3.309211322549264622e+01
3.304017945251654709e+01
3.291455302818290818e+01
3.330025009670983138e+01
3.284423731684845649e+01
3.299904503878569528e+01
3.293480065332272488e+01
3.280389866783189490e+01
3.333555607386047370e+01
3.279313126830547986e+01
3.303576608096924616e+01
3.270253159968836343e+01
3.268877403703848472e+01
3.274631497505290412e+01
3.295777806778338004e+01
3.303735704130351536e+01
3.297559087375223896e+01
3.293307615593708704e+01
3.297959024128271466e+01
3.294121942663694114e+01
3.266206607356512137e+01
3.296757905642376585e+01
3.297322831830818046e+01
3.276220659841963112e+01
3.272204446890822283e+01
3.311927649129803086e+01
3.276517334943151383e+01
3.275708085075244469e+01
3.303073036337728041e+01
3.292783396539697804e+01
3.293573651519199785e+01
3.281821149601613286e+01
3.293046817552738048e+01
3.308498159282697060e+01
3.302608102611009855e+01
3.280507877642506998e+01
3.308764946058708745e+01
3.283489883888358918e+01
3.291909105337399666e+01
3.338111731323799347e+01
3.313654199249423726e+01
3.300995728640432247e+01
3.326251740930602807e+01
3.297887206649181024e+01
3.284037230111977834e+01
3.315307296415092253e+01
3.271840871499941272e+01
3.333609243735754291e+01
3.346286467255839625e+01
3.319361735388646650e+01
3.320100939109929072e+01
3.304149857498804721e+01
3.277797183271400883e+01
3.331157928837327376e+01
3.270956426264162076e+01
3.314554857425998335e+01
3.281544581163901597e+01
3.301658740035681916e+01
3.275714581040081441e+01
3.312827622584716636e+01
3.307625323801441652e+01
3.330877526482217377e+01
3.290760742977860787e+01
3.294893478326867609e+01
3.346492759608742062e+01
3.303840856474308652e+01
3.283351461418635608e+01
3.279140924010343383e+01
3.306065245476546011e+01
3.278499312272526822e+01
3.279040049093293163e+01
3.305169249294762324e+01
3.295059050463881789e+01
3.294968416374405962e+01
3.290266355150559718e+01
3.273277118958955612e+01
3.282378746096227928e+01
3.300632231688522467e+01
3.303774571116197478e+01
3.337144467149100535e+01
3.369294219634867460e+01
3.269710367847410737e+01
3.315258103822284141e+01
3.298947887618314212e+01
3.298305198846004060e+01
3.296443473738948171e+01
3.320951149199566288e+01
3.299672825893549799e+01
3.291128481521305815e+01
3.309322145181524633e+01
3.285313420506842874e+01
3.280532663703337448e+01
3.334146425019684301e+01
3.305308238682237487e+01
3.320966430566425487e+01
3.287442747476003291e+01
3.327952682735485013e+01
3.287396621323384949e+01
3.296189140405093099e+01
3.328741885786568133e+01
3.277921107230852016e+01
3.285039479759774395e+01
3.345372029319148766e+01
3.359380479721306045e+01
3.285394020497283663e+01
3.338312756652055668e+01
3.303428614260786844e+01
3.351079295683701531e+01
3.304279752707660123e+01
3.310539406762235615e+01
3.311099342723562700e+01
3.287105736000584244e+01
3.283309444917648534e+01
3.365686033846245095e+01
3.274566511305130234e+01
3.304771431523828795e+01
3.292162990870328088e+01
3.286716757968182634e+01
3.298712379040259179e+01
3.275443962071395987e+01
3.281325355863773297e+01
3.265615164924005853e+01
3.287253902587733734e+01
3.282835879835478465e+01
3.308059328835637558e+01
3.385807603834795287e+01
3.283664367805224060e+01
3.286219741515861159e+01
3.307313712231162128e+01
3.297828978087816409e+01
3.289598105578515685e+01
3.281151588710979183e+01
3.300679092062353703e+01
3.295559110156098370e+01
3.278642042233045117e+01
3.295239035170360609e+01
3.279632664243722928e+01
3.305538663577197411e+01
3.296659171008160882e+01
3.391256117143316828e+01
3.302108889670006420e+01
3.462409550921977797e+01
3.277098649221712634e+01
3.290811809320453563e+01
3.287027497496919182e+01
3.334960489623021829e+01
3.293536334273952804e+01
3.546781763901012852e+01
3.264101561606815238e+01
3.323141446172219560e+01
3.299351584090656786e+01
3.271773579393898501e+01
3.304339448654087619e+01
3.311686895454681689e+01
3.306433158885524648e+01
3.302065364911257461e+01
3.279880222368652198e+01
3.329268322384456980e+01
3.351901810345633947e+01
3.287774526676285802e+01
3.304436836171422698e+01
3.327619749392855653e+01
3.289700265900054887e+01
3.320155675423703201e+01
3.297508975813050114e+01
3.359241541707044121e+01
3.329724581502610903e+01
3.318222555102646254e+01
3.298938101690610836e+01
3.315842659519730518e+01
3.295651335836668494e+01
3.297401538717660685e+01
3.314980163079292197e+01
3.333396827716862987e+01
3.301760609018496950e+01
3.300158374970673947e+01
3.314959054807366812e+01
3.299323036993565950e+01
3.686885705557227055e+01
3.297616644758410587e+01
3.298587852806976883e+01
3.313825377727805233e+01
3.306203166380939251e+01
3.313642487757277166e+01
3.310118569532858857e+01
3.323567208175985854e+01
3.306319303788986019e+01
3.295461198658406943e+01
3.304046315320010052e+01
3.330264999171868823e+01
3.304314465204242168e+01
3.296197692422303760e+01
3.319996610584264829e+01
3.330175501856334108e+01
3.348945088544692794e+01
3.615942153215773658e+01
3.301463371414382664e+01
3.369188146877424117e+01
3.312454021273253346e+01
3.625636638361155661e+01
3.349592829395349725e+01
3.302663062401899197e+01
3.293709698240085260e+01
3.315662913994211181e+01
3.298296436691249056e+01
3.309901171090993444e+01
3.308026004269254372e+01
3.298526746779950969e+01
3.351957650991634097e+01
3.289893123871792113e+01
3.318461427334048608e+01
3.708440740219855059e+01
3.284965754641897462e+01
3.308216913054740616e+01
3.700318196707959828e+01
3.314078295948376507e+01
3.790792010133754530e+01
3.326708401071642385e+01
3.306226897779453111e+01
3.358528163007081702e+01
3.347047418140236630e+01
3.311296345373315830e+01
3.804731146674254916e+01
3.329256270378196092e+01
3.301198153492330079e+01
3.296978925085185352e+01
3.315168769502850665e+01
3.837412378964700110e+01
3.300791106557551302e+01
3.326847386421827935e+01
3.330063691990782360e+01
3.884644213210497554e+01
3.314197166399285521e+01
3.293314748293842342e+01
3.322323822768350254e+01
3.898461993200442066e+01
3.324477000201931531e+01
3.685204441107211437e+01
3.353932643369635258e+01
3.823044996670796536e+01
3.347570178677225528e+01
3.311311943767513810e+01
3.334059856293426805e+01
3.294983656779895398e+01
3.329985807551048538e+01
3.313375551086816984e+01
3.329886363349262979e+01
3.318416377405090145e+01
3.334069577287272779e+01
3.318941938616613641e+01
3.343849130557192240e+01
3.875809687568232675e+01
3.320294897336433593e+01
3.322360428848404013e+01
3.343314750604015018e+01
3.424162519181901132e+01
3.373497134885955973e+01
3.655872339959185524e+01
3.386363799047059331e+01
3.298197391494937136e+01
3.295485715773973112e+01
3.302163156341233474e+01
3.313324106727840501e+01
3.334899696587716988e+01
3.327269474435763641e+01
3.288758554563341363e+01
3.328577758845035106e+01
3.348317399533480199e+01
3.334458334894687681e+01
3.312367269834511063e+01
3.862251405621825029e+01
3.304871529887786608e+01
3.315196182253146873e+01
3.860128912309151872e+01
3.700091066783515714e+01
3.357589552535840483e+01
3.869495940428537040e+01
3.654989688989462593e+01
3.361168503379828110e+01
3.342849091798372996e+01
3.887139945425299459e+01
3.450864536768404633e+01
4.028293308339286227e+01
3.301033505950226754e+01
3.357372454446581145e+01
3.327855516264336444e+01
3.303157906518156040e+01
3.925575030779679508e+01
3.369628515425861792e+01
3.329609919109942240e+01
3.302315125329972290e+01
3.987769215456530958e+01
3.319701680697991719e+01
3.908417973535163270e+01
3.784588944243714081e+01
3.355104145667660021e+01
3.309395182302473870e+01
4.135968962520426118e+01
3.591777771739599956e+01
4.103408838495532507e+01
3.680265746179397013e+01
3.384928960481524030e+01
3.325332084823050849e+01
3.352624297101455397e+01
3.318360348902542967e+01
3.341918214621185257e+01
3.320693059300937477e+01
4.080800379445090442e+01
3.811966687817644583e+01
3.412134140424191031e+01
3.301600035352604579e+01
3.294247099250550548e+01
4.032123725306368556e+01
3.312625955276568135e+01
3.293378638141456349e+01
3.368589763326897923e+01
3.305325387859398489e+01
3.337020064159724342e+01
3.982361928319753019e+01
3.322281206480541726e+01
3.934800011665041808e+01
3.357787207293979037e+01
4.007414134551507345e+01
3.926319527039523649e+01
3.393283898865591652e+01
4.060686256128678906e+01
3.339476183695381195e+01
3.319614526920274500e+01
4.086022109417789494e+01
3.310234662025949604e+01
3.349681941690235476e+01
3.343439416761857785e+01
4.182257312372421154e+01
3.317325511339862487e+01
3.367644501992780448e+01
4.170104254330238547e+01
3.301634132053078474e+01
4.105323897593142135e+01
3.346989473953641436e+01
4.091409625854441856e+01
4.077154668013375272e+01
3.386919721330824729e+01
3.350863063336933578e+01
3.336175206599661891e+01
3.332641344092284186e+01
3.354775702092127432e+01
4.201060590890210023e+01
3.357178109153262824e+01
3.333442494921503396e+01
3.343030433148165059e+01
3.340085760893205702e+01
4.273153407385802183e+01
3.381010333045121286e+01
4.226880434681382326e+01
3.388514221517390723e+01
4.241992442961772269e+01
4.125151534029181022e+01
3.395680708091926192e+01
3.359320650546310816e+01
3.364162096373537736e+01
4.165380289479040243e+01
3.357529033288120957e+01
3.344897303369725705e+01
4.283764051535793982e+01
3.334330986021043230e+01
3.321809049567774963e+01
3.372944015097315429e+01
3.365140003387980983e+01
3.374620618000238892e+01
4.228480762407523486e+01
3.348927918041056273e+01
3.327298625681905264e+01
4.204714241839695177e+01
3.402811230651102647e+01
3.346627971954591629e+01
3.381574155630966771e+01
4.232921697267845929e+01
3.970632878865041704e+01
3.363712650658606407e+01
3.374140798246489226e+01
3.991395483214077444e+01
3.364724344468659467e+01
4.343037640988658410e+01
3.339397944185436984e+01
4.262260407099473980e+01
3.368003537548980120e+01
3.354878509042689672e+01
3.358561941491086600e+01
3.348200593499416300e+01
4.077542817890206095e+01
4.077120631975228093e+01
3.404436750605697881e+01
3.355679410558374798e+01
3.366288304655956409e+01
4.234686807304019851e+01
3.373833495479937028e+01
3.338163546961895634e+01
4.277147197684175239e+01
3.378216611521219903e+01
3.345401852847992785e+01
4.368326776325770311e+01
3.402140193139585023e+01
3.342331177984250701e+01
4.242594676697219569e+01
4.204656378947719730e+01
4.088909523662953660e+01
4.207176042146848260e+01
3.386443460475533840e+01
4.336467692336955793e+01
3.340138033182238075e+01
4.271222993051276973e+01
3.410303781868261552e+01
4.181010923594445217e+01
3.351559799836243059e+01
3.358846963253693474e+01
4.225650060048153733e+01
3.347352145030141202e+01
3.366420189885699443e+01
4.263254776446838434e+01
3.340883671637551799e+01
3.369637686223191508e+01
3.374140269934407854e+01
4.330464222983702882e+01
3.345905400165428745e+01
3.368009007416996781e+01
3.357185493999213577e+01
3.360353154275469478e+01
4.380704973381660494e+01
4.084625412660218302e+01
4.193385567622174648e+01
4.084773832573911534e+01
3.352936818146151410e+01
3.359334548786064545e+01
3.386250827885822900e+01
3.369424835722579559e+01
3.360578284002539817e+01
4.292125834798713413e+01
3.360200690755302588e+01
3.355399962331683383e+01
3.366216610385843211e+01
3.390794199672198772e+01
3.353454082650708301e+01
4.330426335737368504e+01
3.351233094115315225e+01
3.378249325613951015e+01
4.350213874301291384e+01
4.229103644142720242e+01
4.338644633476922507e+01
4.253352177980820414e+01
3.348796552321104514e+01
3.364252084048294478e+01
4.274104612112433443e+01
3.356296553964237006e+01
4.281782898557704442e+01
4.194439876760017682e+01
3.370606927959942567e+01
4.247032545400175252e+01
4.259983311373356685e+01
3.381531270805408695e+01
3.349242530932970396e+01
3.381036529006152591e+01
4.317208892335214188e+01
3.383667542650844950e+01
4.315183040162308004e+01
3.360042697474882800e+01
4.283733043855875167e+01
3.358680451377371412e+01
3.370931343132772184e+01
3.364820931404143067e+01
4.379016422140625764e+01
4.280113069759217836e+01
3.388879773555084540e+01
3.356706202411817230e+01
3.359806097017601445e+01
3.372344708165331184e+01
3.359354687162883835e+01
4.287778629356427018e+01
3.338175823584484192e+01
3.368348832640052848e+01
3.367831603433513976e+01
3.390273021911134066e+01
4.398171043049509166e+01
3.392608077787484433e+01
3.354439435508415812e+01
4.383609141778875795e+01
3.355508388280999554e+01
3.365640913304785897e+01
4.318479100637569701e+01
3.378175356942812613e+01
3.361353281921181235e+01
3.380906614613753902e+01
3.367389237206379704e+01
3.395917288261183131e+01
3.375900849852363450e+01
3.389888019553702492e+01
3.362456816676808558e+01
3.373768766550328735e+01
3.391002335745200469e+01
3.403034854297673206e+01
3.369580120372439325e+01
3.372514830917354800e+01
3.373771902117722021e+01
4.300115180955224758e+01
3.396850006482134177e+01
4.306099256385075336e+01
3.376265865040227254e+01
4.297921642300728706e+01
4.273425036676061239e+01
3.366192783669717414e+01
3.368072162043967666e+01
4.371827581011222463e+01
4.344695283065346558e+01
3.374821743710528921e+01
4.355317786533801439e+01
3.373254889242232935e+01
4.425249558894712720e+01
3.392773320083905020e+01
3.355592267201857481e+01
3.410496362427156214e+01
4.311409976011695022e+01
4.348876257996094097e+01
4.412203967766432555e+01
3.359058882103995103e+01
3.373290898423140760e+01
4.378217420386923919e+01
4.372289384445980431e+01
4.494355581424197510e+01
3.366910959159841354e+01
3.359779342643506794e+01
4.357023069715564390e+01
4.420554292572050770e+01
3.371657901576072902e+01
3.379057201868992166e+01
4.436406320425720651e+01
4.364551321510742099e+01
4.261098326609425158e+01
4.411120695439959150e+01
3.339380011380475821e+01
4.315667111444657422e+01
3.354496982108321390e+01
3.378915194815161982e+01
3.378249477248010635e+01
4.509264868159509376e+01
3.393906329208478923e+01
3.369474550951991176e+01
3.413749410815414365e+01
3.349782883793487542e+01
4.405017477155510619e+01
3.376931044723371400e+01
3.385719269531713849e+01
4.359276434006677192e+01
3.370485770675545467e+01
4.511628568944124140e+01
4.267714818349836037e+01
3.383221904204205543e+01
3.927370296838763153e+01
3.353312891291447784e+01
4.476051847371364545e+01
3.369638885493478853e+01
4.444641634282584164e+01
4.422207336348723317e+01
3.363769167910035662e+01
4.316588417415037782e+01
4.367946427839796542e+01
3.392234229382003718e+01
3.361405522409727809e+01
3.396491285517913639e+01
4.521200606617003359e+01
4.337114173926103433e+01
4.320722895780007633e+01
3.356124932270735428e+01
4.517103497785001309e+01
4.375911064285433127e+01
4.365357903574964382e+01
3.364657954168036724e+01
4.398923124906713156e+01
4.398784282903138632e+01
4.342232879761552766e+01
3.372369530804944304e+01
3.976652114232630453e+01
3.352909606230214479e+01
3.383767619925203007e+01
3.391853300814748451e+01
4.391575087653122011e+01
3.368208759497918692e+01
3.385247474745055740e+01
3.379651309586053287e+01
4.380015505858901292e+01
3.427939728616640025e+01
3.973560137645926460e+01
3.350945589853765227e+01
3.376181141179608858e+01
3.412244548252506604e+01
4.343750414320495423e+01
4.481518332543588201e+01
3.356772946203201968e+01
4.426700716497240506e+01
3.364708009857085358e+01
4.213449699016473460e+01
3.340972968860693015e+01
3.396054370900630204e+01
3.461830846276654228e+01
3.366920567282591037e+01
3.393439853009961382e+01
3.388558829067549993e+01
3.382806541471023110e+01
3.406252117889845721e+01
4.357638299517979164e+01
4.320493944499254013e+01
3.396387587018481469e+01
4.388842831209019124e+01
4.412105396924663125e+01
4.324620613559799409e+01
3.364584394883959106e+01
4.371283404899055114e+01
3.364305417591326375e+01
4.405731062672796838e+01
3.369328687906537567e+01
4.135147823309732473e+01
3.364398112411748087e+01
4.446720295890239072e+01
3.367205380197552245e+01
4.309939774326372230e+01
3.383418337408912180e+01
4.244658277744192532e+01
4.287512522544324156e+01
4.421673096024169780e+01
3.370651295025088245e+01
4.337862273136287428e+01
3.360979482724653167e+01
4.217622172135445879e+01
3.385249223287204501e+01
4.355293438616327251e+01
3.372009632014905378e+01
4.235056335777568393e+01
3.356538319614103472e+01
4.351757855101403294e+01
3.369427162751940585e+01
4.188002869497199754e+01
4.386583881586811628e+01
4.409710991672411495e+01
4.467163085899082375e+01
3.368038247429086596e+01
4.203621680658114457e+01
4.355171740366257183e+01
3.380638652907862252e+01
4.359908750041234526e+01
4.446919412661508630e+01
4.345953852521117966e+01
3.357120305022933593e+01
4.210244714086164919e+01
4.362131427782289705e+01
4.314617602663760465e+01
3.364507049102507352e+01
4.238534686152360109e+01
4.348400443795453896e+01
3.361923624694149026e+01
4.223631440286285965e+01
3.359711384775286547e+01
4.251950973601822881e+01
3.372245340519181411e+01
4.335840532706124861e+01
3.380565966034563274e+01
4.387314363004173856e+01
3.381782657418875715e+01
4.230444822006936789e+01
3.353877648928163069e+01
4.428493372360822633e+01
4.412275845798252050e+01
3.365805235099745119e+01
4.334708942975302648e+01
4.416720912096215557e+01
3.359711271313797454e+01
4.379535924941716729e+01
4.437787847991621959e+01
3.360634693991292465e+01
4.314803776974913774e+01
3.386468646355917400e+01
4.285117619497375330e+01
4.380315665827960459e+01
4.372595687564560762e+01
4.401618502686732626e+01
4.419764482450867149e+01
3.354653969879002062e+01
4.313608523955603857e+01
4.392836397450396646e+01
3.376733302706177398e+01
4.278102333968856641e+01
4.280858931217467500e+01
4.420177895119134348e+01
3.352939274576525719e+01
4.339561948882650455e+01
4.328507008731691741e+01
4.413553050562282465e+01
3.353490143552979674e+01
4.274150081539444557e+01
4.414807353547151081e+01
3.363987952244824697e+01
4.247400416216130026e+01
4.441699872238449842e+01
3.359736951090788182e+01
4.348452876023945635e+01
4.423988909676032932e+01
4.375452575228161578e+01
4.366852248071079146e+01
3.361673694861705997e+01
4.348241894366888971e+01
4.277620546904822163e+01
3.356014935806311428e+01
4.333421754453253527e+01
4.356158240138945104e+01
3.362746902194064802e+01
4.321202062020568491e+01
4.404356890472718078e+01
3.358287567991299483e+01
4.352459433622563267e+01
4.422672366213928541e+01
4.407152530803101342e+01
4.386579828158479444e+01
3.379521352259706646e+01
4.254857696900107555e+01
3.373737866073707892e+01
4.237977578616359153e+01
3.371965080269205828e+01
4.242566334567682418e+01
3.352875925915389388e+01
4.347024453449903802e+01
3.370907340717827338e+01
4.280811610949680102e+01
4.365263837609565911e+01
3.370679769318658714e+01
4.239399288682069766e+01
3.368885395266326555e+01
4.384804620775728523e+01
4.387632400710555913e+01
3.366253899926866211e+01
4.220440729761637755e+01
4.406166847295421007e+01
4.416332690409124240e+01
4.444109272292593715e+01
4.277512556620479955e+01
3.380205882896590452e+01
4.386797318652429567e+01
4.360506852840683223e+01
4.251489453151734210e+01
4.351724285076522136e+01
4.406088231933382104e+01
4.487486631697741757e+01
3.371883183180982968e+01
4.353683456794723128e+01
4.269124463195645802e+01
3.365255416080537998e+01
4.410325664642131471e+01
3.375634553682137096e+01
4.384973245202287018e+01
3.363186057155125042e+01
4.380939988648495387e+01
3.364750065689368341e+01
4.300582858728856195e+01
4.386377097438813166e+01
4.353948825545967338e+01
3.357822176411384874e+01
4.409656930698172062e+01
3.358203694927180294e+01
4.400341151511567972e+01
4.413969227738409273e+01
3.361778899414503030e+01
4.369380632231737138e+01
3.358633961411601376e+01
4.236901369198437806e+01
4.366313251514272054e+01
4.420560192166482949e+01
3.359758414819761896e+01
4.325477115279802831e+01
3.356568930359306080e+01
4.263834010319782664e+01
4.458099590339904950e+01
3.363220312481289653e+01
4.288411692938921504e+01
4.357417525914966205e+01
4.329744974729133844e+01
4.455672744259111795e+01
4.399767405952871258e+01
3.362305189995751675e+01
4.290072484082287474e+01
4.384191012204128413e+01
4.357666636834608198e+01
3.363399884301401244e+01
4.381357869409838202e+01
4.397509054808900686e+01
4.320315445567837287e+01
3.362935209880723164e+01
4.296282710907765789e+01
4.252207558697661227e+01
4.350768455600035622e+01
3.365604721770167629e+01
4.203164764059130221e+01
4.438522387366031552e+01
4.361399166699360563e+01
3.376243854745226258e+01
4.233859957981606215e+01
4.378113111976819738e+01
3.359179371771033118e+01
4.220875680687960596e+01
3.378271549510358795e+01
4.299396637726074033e+01
3.363047120882409757e+01
4.295251638664366567e+01
3.357733231091066273e+01
4.286210756144929235e+01
3.362830705129452014e+01
4.338145205082278721e+01
3.357938060539987646e+01
4.253980285942750328e+01
4.261391103247345313e+01
3.390486602793434656e+01
4.376191939613315895e+01
4.387520237553346902e+01
4.458125073846152731e+01
3.363849380731804217e+01
4.249144817568836174e+01
3.358318101306082326e+01
4.293433255362547385e+01
4.328710652816948823e+01
3.393881598835601920e+01
4.293016281281413882e+01
3.365906492238154613e+01
4.355445760151155099e+01
4.351079231275465276e+01
4.262582130737110475e+01
4.316184514170392816e+01
3.366447852556764531e+01
4.284694283559872474e+01
3.359558084010892287e+01
4.283996012947241638e+01
4.297365671164227763e+01
4.351382594712291052e+01
3.367559978380975849e+01
4.285509637913926184e+01
3.366231230107801764e+01
4.335818421969104008e+01
4.320347378872394017e+01
3.362509397719916393e+01
4.355122412713954816e+01
4.342538760965127409e+01
4.375595555992179442e+01
3.387708333306567710e+01
4.347120997019113986e+01
4.411823120062422987e+01
4.376518069939377398e+01
4.333997697923939540e+01
4.214803936393536077e+01
4.260647498265688426e+01
4.350633626620994931e+01
4.264605216822835132e+01
4.218648020207826477e+01
3.380607989643165467e+01
4.347232074076836739e+01
3.371165454383989157e+01
4.230754831048925269e+01
3.362839394341440169e+01
4.234302838162298599e+01
3.363246812280113573e+01
4.307280815251909445e+01
3.358482613159518593e+01
4.296296464671113569e+01
4.230030195965617423e+01
4.386601161904826540e+01
3.398436552482480977e+01
4.260987753890304930e+01
4.324524845049150912e+01
3.367893137035734696e+01
4.290859181972086844e+01
4.232890775900867908e+01
3.365268090119355548e+01
4.226072020549549535e+01
3.369167213588136178e+01
4.228049965894749107e+01
3.384213177462645916e+01
4.292134979145772888e+01
3.371639008252876835e+01
4.280941351801134687e+01
3.367865404133819140e+01
4.194322998508276612e+01
4.374156700656573804e+01
3.366339537135169735e+01
4.348926503493736817e+01
4.426098449633432352e+01
4.301524429976772268e+01
4.304219044706842112e+01
3.364258360075811538e+01
4.235329332351455633e+01
4.412893085976226359e+01
4.245095664626362009e+01
4.243639350602509808e+01
4.232494086739189498e+01
4.352644628331008647e+01
4.359381688439004421e+01
4.267230081219172177e+01
3.373642231374913791e+01
4.254857634055838389e+01
4.363835201221861837e+01
4.350641198115850017e+01
3.368364467272150620e+01
4.227986365763815257e+01
3.368031596826267560e+01
4.207967939394022494e+01
3.367579999001446112e+01
4.216909989869365916e+01
4.222105322103497826e+01
4.221699427067543553e+01
4.310960290081875712e+01
4.220807930135651276e+01
4.293808965255099253e+01
4.290416448705226315e+01
4.331426197025743363e+01
3.373053989746222925e+01
4.120111899920416221e+01
4.247932794470546014e+01
4.227732422869004836e+01
4.232552145412882538e+01
4.246155515084132048e+01
4.226277308706681879e+01
4.181645830013396647e+01
3.370859310160099653e+01
4.243394171728687070e+01
4.441399194263027539e+01
4.229992449044627989e+01
3.368892708577696027e+01
4.273539880836808180e+01
4.362614980071522552e+01
3.369396663088187438e+01
4.234772577419065698e+01
4.329364937873387476e+01
4.253338554292782447e+01
4.287795681958822769e+01
4.308166386140661075e+01
4.239953255998850068e+01
3.375671446263503128e+01
4.245268831476582250e+01
4.290655228138344768e+01
4.246539629759050172e+01
3.377998688951961981e+01
4.241386956692591070e+01
3.368672680668625929e+01
4.153827980829777289e+01
4.326736789199814837e+01
4.301336137765549950e+01
3.365701517444913549e+01
4.231429462631216865e+01
4.247712744093209380e+01
4.184140267171135719e+01
3.372833651528100773e+01
4.212415603571525224e+01
4.312986713292379193e+01
4.316281964831273399e+01
4.274162986502578576e+01
4.242976224322881507e+01
4.209967560269209486e+01
4.261285671151269128e+01
3.372481026296609485e+01
4.178418384174891997e+01
4.220810965766682443e+01
4.217707834182581905e+01
4.237351611659708084e+01
4.282512408935002668e+01
4.329254427717901166e+01
4.221460630436994421e+01
4.323751047887719068e+01
4.281576439289876390e+01
4.267144623432523787e+01
4.233159892129599911e+01
4.218900323354466053e+01
4.310866601938604248e+01
4.243503018080934197e+01
4.263125448499432224e+01
3.376364757783865400e+01
4.191602686473669337e+01
4.226507283475571342e+01
3.374939790379750804e+01
4.206227941938907122e+01
4.335155117339513708e+01
3.368415174745916829e+01
4.285041912189449675e+01
4.235407530443695379e+01
4.223748511410942541e+01
3.375085830866300540e+01
4.150058584915438331e+01
4.235895855695514456e+01
4.325326711673160673e+01
4.235664705507999628e+01
4.206735014458178767e+01
3.371383307139172558e+01
4.217426035932762574e+01
3.371611419793567421e+01
4.163527835228803298e+01
4.213433940450858017e+01
4.324551025501060764e+01
4.207527990275943353e+01
4.202017201942334879e+01
3.375628124037018551e+01
4.215852680143343889e+01
3.367072423645880264e+01
4.187875588512794423e+01
4.202655433438468435e+01
4.260863378278909863e+01
4.278313177575325454e+01
3.380249421470222870e+01
4.247326948007153646e+01
4.206011487965727014e+01
4.268852023966480402e+01
4.215356177268058957e+01
4.254310235621952074e+01
4.267610897887437460e+01
4.224600749985494730e+01
4.204556442362454050e+01
4.200526051874371092e+01
4.200727711148746835e+01
4.269353013966235721e+01
4.305457857621820494e+01
4.292360747002486931e+01
4.314035837611639579e+01
4.209164184763216809e+01
4.207890238526421456e+01
4.204102754999277636e+01
4.284300064605724145e+01
4.333756254441041733e+01
4.218996974287702528e+01
4.210363263995019878e+01
4.247341463715422805e+01
4.205223692990276163e+01
4.195438718502389008e+01
4.231471911278101317e+01
4.219751390124120860e+01
4.290421437641369096e+01
4.228500408652235620e+01
4.181299950558581457e+01
4.230566802024329576e+01
4.216938953641262344e+01
4.155264930486572439e+01
4.268767282710719257e+01
4.292942858878691936e+01
4.312187767377358938e+01
4.200705549001959582e+01
4.176325186828580627e+01
4.231223204510014568e+01
4.209424441885897039e+01
4.297639664647983437e+01
3.375354408771555370e+01
4.125162261483400528e+01
4.235491676841056830e+01
4.271181275740134708e+01
4.147074357562187430e+01
4.232591729247251777e+01
4.291369044782361897e+01
4.211914738891744747e+01
4.198774465198530237e+01
4.336115950181289946e+01
4.235534995853482343e+01
4.233303606510968820e+01
4.235491469130935371e+01
4.185244273218284405e+01
3.369456749858317579e+01
4.210450138957081379e+01
4.284217964858815009e+01
3.382984977309230601e+01
4.164349803177450582e+01
4.185039163775071813e+01
4.168186403703573006e+01
4.152562369237445239e+01
4.242619803942879741e+01
4.218209018180802161e+01
3.377659466336589844e+01
4.114881348091505231e+01
4.195046747049035929e+01
4.255779895961212134e+01
4.180713551330884314e+01
4.264001541010195240e+01
4.148287235805283757e+01
4.243978781113109733e+01
4.146989822451031671e+01
3.373474065198062277e+01
4.145198634973264973e+01
4.191990919497636270e+01
4.240329260670940670e+01
4.216826052553012261e+01
4.160045905233807417e+01
4.266775182131751620e+01
4.196281291965381399e+01
4.196540039607595673e+01
4.234803698672201477e+01
3.383441875193357617e+01
4.138786759733574883e+01
4.181838890102579143e+01
4.136161672408712064e+01
3.376951422469705477e+01
4.180060324729805643e+01
4.219260612086686280e+01
4.144962266541553930e+01
4.271323530231887133e+01
4.212615047175414418e+01
3.379597605898266721e+01
4.103392476375186959e+01
3.375859102217417274e+01
4.148667207874093776e+01
4.191816514088591816e+01
4.186107327088593877e+01
4.146372533314154651e+01
4.279989181345448657e+01
4.199549564402923352e+01
4.223045061617574447e+01
4.134789200664787501e+01
3.375660290665906160e+01
4.131143084903560236e+01
4.163594544774057482e+01
4.209580889406934290e+01
4.111021561877853259e+01
4.178960468404222439e+01
4.153060533605467697e+01
4.169764967083644081e+01
4.160151277158470862e+01
4.243672913249262990e+01
4.189738908676061158e+01
4.245225655792305020e+01
4.104447436292678475e+01
4.254371669430266678e+01
4.194881804356578670e+01
3.376772201133777429e+01
4.106275947449058350e+01
3.367494562997609364e+01
4.152950513869527072e+01
4.171650290587589893e+01
4.263250444174001075e+01
4.128342555742190001e+01
4.226839224230218406e+01
4.156944045777937902e+01
4.142492336086458948e+01
4.134171471411319487e+01
4.138250187022924109e+01
4.235109320172206537e+01
4.224763070584572944e+01
4.150660732967486410e+01
4.219521111632165855e+01
4.157289107264990236e+01
4.218389555519136280e+01
4.288904111155293464e+01
4.130109483156932981e+01
4.227140583545210717e+01
4.183820197155562681e+01
4.196816186781079239e+01
4.152062412644163203e+01
4.131602401041480732e+01
4.186243689102303023e+01
4.162678894086276671e+01
4.163140031413146147e+01
4.153163372212581095e+01
4.183049679831805179e+01
4.212578861396877983e+01
4.111505001578087359e+01
4.233883448614429312e+01
4.229460196599372779e+01
4.121803114020991643e+01
4.182629264482967812e+01
4.228368371717426299e+01
4.106202964937893540e+01
4.186354540588997253e+01
4.174972651259948719e+01
4.231982457653460727e+01
4.156133935150193537e+01
4.192167706702312557e+01
4.220363495727932701e+01
4.153837053857669304e+01
4.131657166081824784e+01
4.089762396221885155e+01
4.157345245974311609e+01
4.223433273325387205e+01
4.175019390883965542e+01
4.153529823983048175e+01
4.177617499862089545e+01
4.181957307105745514e+01
4.167756429444474975e+01
4.173507242853087007e+01
4.145458958140014261e+01
4.122946196811527386e+01
4.121128610335711073e+01
4.121798108145021189e+01
4.157769563085630438e+01
4.165723912525607631e+01
4.135705052027426376e+01
4.092383110098978705e+01
4.120469549675561183e+01
4.125235440331966430e+01
4.163858284624081563e+01
4.132697457232813321e+01
4.164097471777535020e+01
4.131682850768295623e+01
4.180498960249938989e+01
4.171229598261248839e+01
4.153354380445129834e+01
4.110163432243172821e+01
3.380221728451427765e+01
4.052430477745781445e+01
4.186608633094530063e+01
4.032093683199720857e+01
4.063856705781910961e+01
4.100863787971570673e+01
4.113833047729256265e+01
4.042897693125897973e+01
4.178243202425494474e+01
4.125632777708122489e+01
4.147853847439923669e+01
4.185963600253600703e+01
4.107092461449122567e+01
4.198984017505929245e+01
4.050422648076498433e+01
4.149624249552241650e+01
4.081765449461211404e+01
4.142938477053150592e+01
4.168539987140210457e+01
4.182898256512717694e+01
4.076516908483465329e+01
4.157502329336466573e+01
4.132191789977313334e+01
4.123487471713452379e+01
4.161042748776532818e+01
4.138694151090581386e+01
4.075359226010302649e+01
4.117716174702631804e+01
4.116108808713741496e+01
4.148294563369401544e+01
4.175234206980955776e+01
4.230502269672810201e+01
3.385702996961699540e+01
4.068108369882625652e+01
4.180448363576389426e+01
4.151663596528576505e+01
4.142134156764998210e+01
4.151573637145472873e+01
4.167155315319019593e+01
4.144231883044314912e+01
4.087494134751177199e+01
4.128152566024269987e+01
4.107561503339995568e+01
4.114297926390953819e+01
4.116104136381891010e+01
4.068660471779561050e+01
4.042651784654815117e+01
4.112845484316913058e+01
4.123153505140678732e+01
4.083760313627590222e+01
4.089939025122759375e+01
4.054856450071593343e+01
4.131523143501021877e+01
4.115781868448595304e+01
4.059778487160972560e+01
4.171984013546198611e+01
3.388334171121999105e+01
4.060658553217005107e+01
4.104430700873564319e+01
4.037610588226547037e+01
4.151670097301285978e+01
4.102730813135748633e+01
4.025849109168655104e+01
4.073584540039069424e+01
4.156501832825540532e+01
4.166447421896653225e+01
3.386311351779580292e+01
3.977451411810751125e+01
4.149744218941281559e+01
4.075057997797870968e+01
4.108656254697341836e+01
4.041655990460038339e+01
4.115126133709448197e+01
4.116965503022520778e+01
4.103152887903556945e+01
4.034732569696041082e+01
4.163520291390516803e+01
4.149268539094973107e+01
4.103356875081006905e+01
4.021198187559397752e+01
4.098205764264298523e+01
4.127815790848838873e+01
4.085813108012130357e+01
4.149432868467603441e+01
4.060896326951517210e+01
4.096965199710978567e+01
4.056056809749766501e+01
4.104389195824420966e+01
4.112675436865981027e+01
4.069653869932726309e+01
4.133845164034568143e+01
4.103877309269319795e+01
4.077187717958665303e+01
4.137379583497249769e+01
3.385719687667703681e+01
3.988377611428389002e+01
3.382726410360368163e+01
4.048261862734090499e+01
4.115908924949223291e+01
4.075246196780992136e+01
4.083188432056424944e+01
4.080300281826519893e+01
4.080349700942546320e+01
4.032590781287048287e+01
4.066415013782990684e+01
4.059156304347175137e+01
4.098424672180393458e+01
4.050702213251690154e+01
4.031669855382034484e+01
4.027107607306520975e+01
4.156490277398577859e+01
4.148941653356629189e+01
4.119230180862559365e+01
3.385819586203255938e+01
3.961995568974189297e+01
4.114147406470085855e+01
4.044487036953765369e+01
4.042220586717945707e+01
4.025541919392968282e+01
4.121499154467430515e+01
4.027411082897727823e+01
3.377464584373225165e+01
4.022223265959931382e+01
3.996734165953591145e+01
4.054804447236753617e+01
4.045719480999981954e+01
4.092706391062040439e+01
4.111031852470141246e+01
4.173605473428454360e+01
4.116949321100386072e+01
4.067733637806861680e+01
4.052164315174637466e+01
4.132920624693112899e+01
4.052188811678963987e+01
4.059647063479707185e+01
4.074692434941911756e+01
4.120049524385541417e+01
4.000567286365414077e+01
4.094725900404835528e+01
4.080540813476231676e+01
4.053774549801092064e+01
4.047269608999052082e+01
4.040073280306985737e+01
4.105769643350993903e+01
4.094237940705058065e+01
4.111177062146295924e+01
4.115934262100988406e+01
4.107251764756819057e+01
4.046287678406542199e+01
4.027910110573607483e+01
4.080766903686072311e+01
4.106953165626550373e+01
4.069386136384817121e+01
3.979183898468092195e+01
4.043656981898192271e+01
4.001575824669517090e+01
4.037623245364295599e+01
3.987819587615067718e+01
4.076893591389481486e+01
4.054644813463638542e+01
4.033108630658887961e+01
4.019197864785726892e+01
4.012906066698279517e+01
4.092319264346063790e+01
4.054546322836217342e+01
4.074733604072733328e+01
4.081298005104037685e+01
4.014311945086068079e+01
4.050764108372990790e+01
4.081425732173492094e+01
4.026925552622992655e+01
4.063501730857194616e+01
4.042793385095517777e+01
4.056274442634218502e+01
4.004183551614774927e+01
4.063043929576099345e+01
4.045879756759021006e+01
4.038183491144425830e+01
4.043132025602819368e+01
4.032406123192652814e+01
4.024462063519151656e+01
4.071486075835708363e+01
4.114496708802005998e+01
4.030814093307284907e+01
4.036595803011011441e+01
4.040361310637741354e+01
4.047372874890533723e+01
4.031979611284170772e+01
4.015595789352141765e+01
4.048990066107008801e+01
3.989063628789796923e+01
4.065634178147389832e+01
4.036336259465893050e+01
4.065015710216782452e+01
4.035951580983913090e+01
3.982598185112038891e+01
4.006030765574068653e+01
4.044449392057070725e+01
4.079007363032804534e+01
4.042082941446908961e+01
4.107834695136134684e+01
4.015530434240088908e+01
4.044422676126104221e+01
3.993547344939059229e+01
3.959020655034227332e+01
3.945311986991698205e+01
4.100199090808331448e+01
4.058375950189022774e+01
3.991881141378006248e+01
4.059060860255728898e+01
4.046855322601930283e+01
3.994038426052619428e+01
3.972886704626608179e+01
4.031366835920031377e+01
4.008919166583544325e+01
4.013689528394741046e+01
4.028809935803700171e+01
4.012788437579215639e+01
3.962657001103022480e+01
3.998865936740113369e+01
4.008724435718807655e+01
4.039568032414149457e+01
3.998783964196497465e+01
4.015274861961550812e+01
3.975278622526367656e+01
4.033635974889678266e+01
3.992030628635237832e+01
3.935726836258751860e+01
3.997470687903112463e+01
4.016852323734475050e+01
4.013137648249827549e+01
4.057305342876940557e+01
4.068702667784939564e+01
4.011600058804533120e+01
4.019802365834704005e+01
3.997956536792073479e+01
4.028972548327649150e+01
3.960602806662069497e+01
4.036670034680170716e+01
3.964038415612458977e+01
4.087132582584948892e+01
4.030658274196050428e+01
3.930275453089641502e+01
3.978283524228305623e+01
4.019301658535789556e+01
4.042450261527358180e+01
4.015004985036679841e+01
3.979005222713065137e+01
3.971522453134539887e+01
3.927103109895665511e+01
4.050953755729726424e+01
4.016787512964379658e+01
4.043170174866940414e+01
3.911788632031945667e+01
4.044779057684934997e+01
3.977693947231377081e+01
4.039737762525081166e+01
4.023631523061013127e+01
4.011402826361903351e+01
3.977286206567354299e+01
4.002417638184530801e+01
3.996351111200239359e+01
4.029395222721737468e+01
3.965589758170229828e+01
4.007896165209047723e+01
4.047703226146254707e+01
3.997748671652168895e+01
3.972605797133351757e+01
4.016247478622952372e+01
3.957649608872327462e+01
3.995605473475256986e+01
3.962156296853736137e+01
3.979990331574494178e+01
3.977113425400763447e+01
4.006655073660759570e+01
4.016796652002897616e+01
3.971057824914196033e+01
3.965563502065609214e+01
3.997114460333302333e+01
4.033864480594293411e+01
3.926655410471444441e+01
3.994023362628180962e+01
4.036185590632170062e+01
3.974385488128228872e+01
4.029965426426412733e+01
4.004917065916326635e+01
3.989700675807364405e+01
3.902121324276031089e+01
3.987080920662621963e+01
3.965282499391778970e+01
3.962676098356817533e+01
3.925196802523695538e+01
3.987660852951250234e+01
4.040950989995240406e+01
3.976630350926227919e+01
3.951231263301159657e+01
3.959930745934617846e+01
3.957770562117973867e+01
3.954942359489168524e+01
3.923275643021292325e+01
4.013416062318394495e+01
3.953120066486307849e+01
4.018939679783414931e+01
3.962763688071938617e+01
3.953700395419088665e+01
4.030014495949219366e+01
4.027449818707957263e+01
3.996336946288658964e+01
3.952505667029387126e+01
3.996341199601135230e+01
3.975092508587140117e+01
3.963807614525803302e+01
3.924091004511753056e+01
3.985790909886860334e+01
3.958185471948803524e+01
4.056265001856819907e+01
3.952505953225760749e+01
3.995618863156241929e+01
4.044993763836863110e+01
3.967351648235051442e+01
3.944724737014701788e+01
3.906870524783262510e+01
3.986098166557000155e+01
3.944160495836686664e+01
4.009742075709807807e+01
4.009481868607125676e+01
3.957426542746631526e+01
3.976690096671126895e+01
4.005952598635600026e+01
3.966373822215323486e+01
4.008081281601761248e+01
3.983651915222149853e+01
4.028059873207617159e+01
3.955235124635751021e+01
3.962347794615808994e+01
3.963515014780798396e+01
3.981945925900716787e+01
4.026005063523886918e+01
4.001095769792140544e+01
3.868916613317300346e+01
3.940922777005986433e+01
3.984575572894113549e+01
3.976688880374950941e+01
3.960629138859701470e+01
3.926476486705620772e+01
3.948795337926141968e+01
3.946920154704856287e+01
3.964910621086141873e+01
3.910414149982094045e+01
3.962353552013063762e+01
3.866014998859812124e+01
3.992844097690781524e+01
3.946582554414039379e+01
3.973497141127960930e+01
3.915315306245844340e+01
4.019737900275003994e+01
3.972776138510057820e+01
3.936248503643452779e+01
3.895340707964931681e+01
3.962299719451293356e+01
4.036065488330594775e+01
3.915123817435287634e+01
3.946289469329506261e+01
3.972511032880178306e+01
3.952212562279395769e+01
3.946123290781185489e+01
3.959137603599370436e+01
4.006959468984219797e+01
3.959806064485096755e+01
3.926547589601586452e+01
3.923558484918573441e+01
3.949406852025958159e+01
3.972170085694259001e+01
3.937024571361043712e+01
3.959417818464315530e+01
3.979173518079121408e+01
3.979237126324892415e+01
3.955609127694525284e+01
3.919567378745696118e+01
3.956381993522622764e+01
3.910359705007136455e+01
3.960790820774057863e+01
3.965108137868456595e+01
3.974196509881709005e+01
3.930023007852265948e+01
3.982335293568817036e+01
3.911340868287890515e+01
3.884770129992954679e+01
3.928867845528461089e+01
3.868664103982651170e+01
3.849676972632839522e+01
3.936616508727774999e+01
3.903097990519707849e+01
3.953731768787149292e+01
3.982789027817811700e+01
3.914949078415914130e+01
3.956258549565102101e+01
3.986568430160556176e+01
3.885919917429121995e+01
3.921423102442913233e+01
3.934993172582023391e+01
3.907386138482064553e+01
3.928090268790074902e+01
3.889297213602783643e+01
3.934794081562745305e+01
3.976322613070586698e+01
3.915913728390511750e+01
3.956105590195328858e+01
3.917516348574089591e+01
3.906541941742689517e+01
3.982551544556613976e+01
3.849190921658464504e+01
3.896499693165139888e+01
3.907579489735228861e+01
3.920636274334265181e+01
3.933876783222457618e+01
3.873896187479156339e+01
3.891861527687006372e+01
3.896141518257162062e+01
3.921589372300190490e+01
3.844231495575547086e+01
3.918102317782809507e+01
3.926045541289090579e+01
3.938671701076243892e+01
3.936765327140422954e+01
3.935373026518604433e+01
3.940608007631451670e+01
3.965222815647629773e+01
3.900146415404741873e+01
3.852709672572007094e+01
3.882819940750931664e+01
3.934515138604839990e+01
3.868813775791912946e+01
3.910155037639964348e+01
3.910044352350337959e+01
3.913056525017616849e+01
3.899818395346223099e+01
3.965505493677670046e+01
3.981823624723593724e+01
3.948407434710223640e+01
3.936429419204943514e+01
3.888589175405247289e+01
3.877632280530981745e+01
3.842665205094250069e+01
3.914224336246591918e+01
3.891906175028096726e+01
3.884692231030240350e+01
3.906592804004605313e+01
3.917687535105378771e+01
3.937176222952025739e+01
3.881511854515282067e+01
3.925315872775304626e+01
3.941157941063171677e+01
3.979059200197558255e+01
3.960927662422345463e+01
3.935361668225101539e+01
3.967731093531804731e+01
3.903096242605307253e+01
3.874515343314680393e+01
3.948163628883012422e+01
3.943235052674250340e+01
3.862006225821675542e+01
3.893238566228358621e+01
3.932346057807652784e+01
3.915242692597355756e+01
3.886689277072968451e+01
3.909487999630030686e+01
3.890561224612403635e+01
3.848944325780917808e+01
3.879630014035958396e+01
3.908396605655926237e+01
3.904680637745740768e+01
3.881466839805206348e+01
3.903840488068356507e+01
3.863103586085835417e+01
3.869603884035414154e+01
3.929173058602518154e+01
3.884524413473326376e+01
3.921408062056850241e+01
3.927740848222335046e+01
3.853560999010133514e+01
3.925556940630947622e+01
3.960337364344510291e+01
3.890218054983530749e+01
3.946852677381102126e+01
3.894683545701618499e+01
3.913280469280167040e+01
3.859896879898563782e+01
3.962243483858507176e+01
3.856165426859998036e+01
3.872621890003029677e+01
3.914964091737344631e+01
3.894033491559051896e+01
3.901488988951141579e+01
3.868112224677914668e+01
3.885215375461525156e+01
3.872586422686385532e+01
3.880740122934058434e+01
3.894088969578311321e+01
3.905461071095882630e+01
3.853597609952606717e+01
3.931257489639774860e+01
3.862410320770611349e+01
3.914356586965973861e+01
3.874486233479697006e+01
3.897015219934016983e+01
3.935983992869546455e+01
3.866406806849216338e+01
3.904052566386260992e+01
3.904261652363329915e+01
3.899731880895830471e+01
3.879727595326392731e+01
3.889211339102422471e+01
3.915407861625728714e+01
3.834772773184575101e+01
3.886818081271361791e+01
3.855207839151442073e+01
3.899901048345925147e+01
3.817824949778573540e+01
3.854504055125266859e+01
3.879416218059860455e+01
3.895857480278066021e+01
3.845783457923419490e+01
3.898798319706835969e+01
3.850773978199786995e+01
3.955062742220778915e+01
3.861892220790293351e+01
3.896003637403870812e+01
3.851871759988172528e+01
3.881522109929057507e+01
3.841267716262947829e+01
3.888593676467129256e+01
3.927400714355235323e+01
3.885718304762335862e+01
3.890421388184287110e+01
3.904855411108002272e+01
3.896960548970339744e+01
3.884017440096948803e+01
3.910581726531506064e+01
3.855439886501780222e+01
3.871148683498521592e+01
3.846307866084748639e+01
3.922446901899412808e+01
3.899280164753178468e+01
3.851961057806798294e+01
3.892235870551676413e+01
3.897623779899139862e+01
3.912952987854551168e+01
3.859355021114376427e+01
3.842522346234154895e+01
3.881836799191653142e+01
3.821551533738955442e+01
3.854724323915993978e+01
3.906376824069415932e+01
3.901304643207169676e+01
3.882966252939888108e+01
3.890535155282864110e+01
3.892824290153028244e+01
3.911892682087216855e+01
3.865357320379193595e+01
3.870228741000782691e+01
3.845500104195462399e+01
3.942093575302387620e+01
3.886830781504586696e+01
3.898510922651825439e+01
3.933715437605837906e+01
3.856988200078458817e+01
3.933120837573656559e+01
3.898275462642788369e+01
3.868388396428631637e+01
3.861161444103804286e+01
3.892802449074957849e+01
3.809437716127630580e+01
3.849474882692864952e+01
3.923298784461240274e+01
3.916858603791803972e+01
3.865584526873226423e+01
3.846985743166161598e+01
3.880271528597845077e+01
3.949418912729562692e+01
3.869346685062838986e+01
3.848826245565482651e+01
3.939550467607648443e+01
3.884591149064443982e+01
3.878586914227138038e+01
3.867178736499513292e+01
3.848336583147097656e+01
3.860418125410241430e+01
3.855481085644998274e+01
3.953010159585443972e+01
3.880328346929875494e+01
3.852003173611110043e+01
3.900650727653096084e+01
3.859325695986254345e+01
3.840071323274212745e+01
3.852264397484857028e+01
3.830483543028366711e+01
3.873616844559570183e+01
3.879716176625561275e+01
3.901251855701503501e+01
3.875171269143589825e+01
3.870906354253308024e+01
3.820310179010601814e+01
3.923751838196584174e+01
3.853329400180555098e+01
3.885176669587230691e+01
3.841514951427856772e+01
3.774633954421112492e+01
3.861507081917785200e+01
3.893598363869578094e+01
3.856763517681838493e+01
3.839166033609453876e+01
3.864652347325216653e+01
3.836032328045485684e+01
3.859109031331954753e+01
3.911366697556036343e+01
3.892845309158599321e+01
3.850010727253617659e+01
3.866166664354103943e+01
3.838128319706336811e+01
3.849328413461089582e+01
3.861204838031034114e+01
3.851758283221031576e+01
3.783674895673978256e+01
3.855935673738945724e+01
3.825148659725401501e+01
3.843439483150605440e+01
3.902503265932018905e+01
3.857999002209313488e+01
3.859547442680069906e+01
3.774798004836974030e+01
3.868220150714961392e+01
3.843418840984143259e+01
3.802446614582353845e+01
3.812733575427358090e+01
3.838764727025932189e+01
3.786069417147567862e+01
3.851612306500316407e+01
3.841590181468603049e+01
3.824874162221576768e+01
3.808867243872069253e+01
3.775163145096684048e+01
3.861071223656886531e+01
3.829159165053755487e+01
3.893378059215243070e+01
3.851613705035539681e+01
3.887276001088186916e+01
3.917499775555132402e+01
3.812507151594097365e+01
3.877515375991863067e+01
3.840861365155647178e+01
3.888376974225884908e+01
3.837236000603787289e+01
3.823965462238081159e+01
3.848743848285198510e+01
3.894132716416033446e+01
3.861916498638353801e+01
3.858459481761241960e+01
3.834734493068809513e+01
3.866392204178202263e+01
3.795019844907232454e+01
3.821274572252480084e+01
3.870207346477447885e+01
3.805668620789192858e+01
3.817550917430805413e+01
3.829277571361881627e+01
3.834129177236987829e+01
3.815520291621147919e+01
3.821745358031812145e+01
3.824570427104061565e+01
3.858211321374924552e+01
3.791400539087017307e+01
3.871155477383852173e+01
3.824198213385505341e+01
3.816872275014451077e+01
3.840267979784742636e+01
3.816197009825931019e+01
3.847492514065510960e+01
3.838562938106888112e+01
3.764175093883150680e+01
3.810066679095650954e+01
3.822236302465873337e+01
3.895222822002369156e+01
3.855048730546115365e+01
3.861613394469672755e+01
3.863728571538302958e+01
3.835802287825745083e+01
3.875511309636139856e+01
3.816052369416725298e+01
3.826837974873330239e+01
3.791809382788185445e+01
3.800606681981526691e+01
3.830376472490996065e+01
3.821904553789619996e+01
3.821524901857625878e+01
3.859485093601309558e+01
3.846211942733248179e+01
3.847768637383717305e+01
3.786305568903212304e+01
3.850785518480553549e+01
3.829721302872282251e+01
3.800876929834805651e+01
3.870358203229555727e+01
3.854216082502424001e+01
3.834207864168121915e+01
3.835851624544917371e+01
3.774535337599981233e+01
3.764060590686901264e+01
3.849785040687587667e+01
3.811674560632258135e+01
3.839077384803511706e+01
3.821538908694149228e+01
3.837343046530683921e+01
3.772346120387783230e+01
3.781670297975876593e+01
3.832713390102724560e+01
3.865154331006626620e+01
3.817140798241653243e+01
3.774571352270153568e+01
3.800885669844178238e+01
3.759214961119593568e+01
3.836278336647937692e+01
3.875523687700272291e+01
3.813793148324580784e+01
3.859864661359744531e+01
3.839704051762582537e+01
3.839818877379317286e+01
3.788520388769139657e+01
3.852480647544088299e+01
3.804627937972206553e+01
3.824108643380463946e+01
3.891746364662501634e+01
3.779518278044926660e+01
3.822590421404039063e+01
3.766464558313020206e+01
3.840337093920507527e+01
3.799249922280505132e+01
3.823416557607568933e+01
3.745716448505992702e+01
3.830395613737530880e+01
3.815449594467238370e+01
3.839414115270718497e+01
3.813652120340200469e+01
3.822942748678563873e+01
3.842839484414744788e+01
3.817574047261970094e+01
3.819901638197103466e+01
3.822404830695665368e+01
3.768303853717702623e+01
3.824383102322605055e+01
3.823459311320648624e+01
3.801616771034709785e+01
3.787501618111854640e+01
3.809420496103238207e+01
3.818188488916128875e+01
3.820569734661999917e+01
3.839989077498067616e+01
3.840504594147999029e+01
3.802252984817816639e+01
3.799875123327174720e+01
3.814217278666887978e+01
3.812150712306035416e+01
3.770656377285985172e+01
3.855885281933682762e+01
3.852678896869481662e+01
3.795912600061790698e+01
3.800959843946419880e+01
3.816007137348722722e+01
3.782077999947895108e+01
3.821606939703664807e+01
3.841763569461626560e+01
3.838628263975828503e+01
3.819198970728676557e+01
3.850213380831634424e+01
3.760885186956740966e+01
3.796184892666909860e+01
3.804577339442930395e+01
3.848390780422413116e+01
3.800387630118196824e+01
3.829009925753171473e+01
3.803687937305641498e+01
3.842816069759271613e+01
3.789012970045495621e+01
3.790784197562538793e+01
3.837440018930198704e+01
3.818874800583945728e+01
3.808345398040516727e+01
3.757605639862409674e+01
3.848246635524034076e+01
3.781833129966904750e+01
3.769763081436903462e+01
3.770739945701211582e+01
3.750410250893742159e+01
3.848082057698623970e+01
3.744381327221462641e+01
3.792179476390410287e+01
3.823624594414945221e+01
3.766524010677641598e+01
3.845121132214854498e+01
3.822153649653245111e+01
3.818398168227843570e+01
3.757605206799519948e+01
3.820319788034146313e+01
3.776940082516809838e+01
3.846024139454328150e+01
3.800288179690176804e+01
3.839455600324171769e+01
3.821213522766052506e+01
3.772486299222139650e+01
3.747490420563568847e+01
3.815851576722507588e+01
3.762343026405335422e+01
3.834735106200053423e+01
3.782896932413234481e+01
3.792117746183532034e+01
3.828111524115661268e+01
3.855812332799612818e+01
3.790464995945357884e+01
3.760492856920681959e+01
3.841527745579330855e+01
3.836909189469847092e+01
3.833344969665190405e+01
3.777530431645384112e+01
3.764273579182284379e+01
3.798211813265501746e+01
3.817987016797445676e+01
3.841431624974698877e+01
3.831202329773540782e+01
3.828861513782013759e+01
3.789212020627617505e+01
3.786058173141174876e+01
3.803463063564225166e+01
3.800206562063331717e+01
3.831962449791789993e+01
3.810876490197863831e+01
3.789078908019916980e+01
3.751253173559297238e+01
3.797228090765418784e+01
3.823494184578260757e+01
3.794526742658829477e+01
3.760999154882775031e+01
3.767750564526975410e+01
3.765390402500565870e+01
3.810411291702863679e+01
3.834771009745772119e+01
3.797767166007538009e+01
3.738263774420150298e+01
3.801629577388875703e+01
3.783769705003658856e+01
3.770887831099049947e+01
3.802120097772358065e+01
3.841601551109764756e+01
3.796271947061939755e+01
3.881572350213275513e+01
3.804070873247001572e+01
3.784481641026850696e+01
3.821967612086873345e+01
3.764619527227572604e+01
3.881112466513543779e+01
3.806535866395554280e+01
3.788636257268562701e+01
3.769457485659241058e+01
3.791101998689764230e+01
3.740372817121487259e+01
3.815388407335471044e+01
3.804653428562492223e+01
3.774567767013000008e+01
3.768314769536831221e+01
