3.407579229886656691e+01
3.527068309928849743e+01
3.321375353399876929e+01
3.298473567174637822e+01
3.304749296914454249e+01
3.279253131156946210e+01
3.327499641937401975e+01
3.265882037975713104e+01
3.280225709844008009e+01
3.283378275171008909e+01
3.293515164394860051e+01
3.249392991021057497e+01
3.221326205755987360e+01
3.259822496440312989e+01
3.241273487316107804e+01
3.254960857113825767e+01
3.245157032111232098e+01
3.244458363468459794e+01
3.269364943388748657e+01
3.266036527980124049e+01
3.300853444437393591e+01
3.252812690830489117e+01
3.263453416809956309e+01
3.219775152624595904e+01
3.261963840121364200e+01
3.227607951898949779e+01
3.260777199811159477e+01
3.253019406654534862e+01
3.241978732136999497e+01
3.232008564170976683e+01
3.235208420103874971e+01
3.243089377698480291e+01
3.221110458781173236e+01
3.242354598648002906e+01
3.249360050875161221e+01
3.226629475326907937e+01
3.244355782634812613e+01
3.248603618976844132e+01
3.263982639174702172e+01
3.235994810049364645e+01
3.258983789635514228e+01
3.251586087209089726e+01
3.254002968958398156e+01
3.249490745523529966e+01
3.245031132660714945e+01
3.219788591017191948e+01
3.219311278158011191e+01
3.225785692879993150e+01
3.220408459071047247e+01
3.253031123963612714e+01
3.259591199409510409e+01
3.255112875062161493e+01
3.245369974096386301e+01
3.228380045342361626e+01
3.238482170981620811e+01
3.238255459839946582e+01
3.250717875447564609e+01
3.246113424202573583e+01
3.244749895833239606e+01
3.234962293269154543e+01
3.235512236314959722e+01
3.242943840143664858e+01
3.217094613251796176e+01
3.230877011377108943e+01
3.233543246554481954e+01
3.244912938313650130e+01
3.230060370495520061e+01
3.243414995369387555e+01
3.231122636203234322e+01
3.236947115636316852e+01
3.224219231446664935e+01
3.237972614108424096e+01
3.225050196479271847e+01
3.237527241351852325e+01
3.244775583820225506e+01
3.246710778397209651e+01
3.241144443524959229e+01
3.239165207764948917e+01
3.242611547222000468e+01
3.244086074282397192e+01
3.237663102667362125e+01
3.235421754802657546e+01
3.249847019225376954e+01
3.230300188785780335e+01
3.247863342719727342e+01
3.249622634148187927e+01
3.239923699476801744e+01
3.230609662626762457e+01
3.250040797022684558e+01
3.251287192158582684e+01
3.255956040191902190e+01
3.255335551783628745e+01
3.228707463024745294e+01
3.224152064704288279e+01
3.224908860841549085e+01
3.246114176842951338e+01
3.224314539004341640e+01
3.238743379558647462e+01
3.242814008075011145e+01
3.222065356642728062e+01
3.243919326560545358e+01
3.224296174647848545e+01
3.233519343158329207e+01
3.240039771271391089e+01
3.232321331645826490e+01
3.245426916198555745e+01
3.252911174921080573e+01
3.235472663026084916e+01
3.221611931758826586e+01
3.229811249474826695e+01
3.248308481859691454e+01
3.217225094718752842e+01
3.244820547243362086e+01
3.226402217397783545e+01
3.239174185622366053e+01
3.245060106580849890e+01
3.237261368628362845e+01
3.256854024567064698e+01
3.248020872414205229e+01
3.229454529419300712e+01
3.236771586792470146e+01
3.220940442943869897e+01
3.230780808464793807e+01
3.225870537482180112e+01
3.234388817968441288e+01
3.237376596217421110e+01
3.234672831145821448e+01
3.236286358482346515e+01
3.245616673773601235e+01
3.231077704859730915e+01
3.230682984742657027e+01
3.243487780535905785e+01
3.233290369393131414e+01
3.251255476071657569e+01
3.236561680630620685e+01
3.231600500848950475e+01
3.252336602320104930e+01
3.239325450054609234e+01
3.231103014978301502e+01
3.246361898507260690e+01
3.225551741217931578e+01
3.251347059489078362e+01
3.227697240281828073e+01
3.232928002060644701e+01
3.251937671702266641e+01
3.230489618128467555e+01
3.224008948240840056e+01
3.249048401369355332e+01
3.255783677306604318e+01
3.225298438617971186e+01
3.249865201752023580e+01
3.222281021840397131e+01
3.237642280484855206e+01
3.217129116250433185e+01
3.235019812153881702e+01
3.253471341023089991e+01
3.252651622639864115e+01
3.238968750266689511e+01
3.251099825534795684e+01
3.232771392754395379e+01
3.248401849731560986e+01
3.239777748336494767e+01
3.250753748533097109e+01
3.245736930010176025e+01
3.248584709446146945e+01
3.243494574084456872e+01
3.237419021280646092e+01
3.241055489396725164e+01
3.220853652943144141e+01
3.239826278153714156e+01
3.221647254066918720e+01
3.256382781927528924e+01
3.237373928130321588e+01
3.247757206741643188e+01
3.249704723685055541e+01
3.242864294849130857e+01
3.220457430160838186e+01
3.243776085885444616e+01
3.238981572223705285e+01
3.240027781675455287e+01
3.251081279691774739e+01
3.246254163588920960e+01
3.247503669234755819e+01
3.230335757575102207e+01
3.240465916306698801e+01
3.242606393593980130e+01
3.243613175576676610e+01
3.238880593672818975e+01
3.232525031482842337e+01
3.219619412878520137e+01
3.242159193309758081e+01
3.231436213186258044e+01
3.245920865545100042e+01
3.232874728922395491e+01
3.244278825981314185e+01
3.218895574356295697e+01
3.219836201168208589e+01
3.227206843394132818e+01
3.255590752850335434e+01
3.224948976306345827e+01
3.230072762146780718e+01
3.233431086125917631e+01
3.253964020187579820e+01
3.223978915679268908e+01
3.245395933473947281e+01
3.245473811673714692e+01
3.242525561931712730e+01
3.232762228333019294e+01
3.234256447598063033e+01
3.242423963539066989e+01
3.240047754161598448e+01
3.235042403429155655e+01
3.238409691778683452e+01
3.217500152637341415e+01
3.241638603794619655e+01
3.256615047225411530e+01
3.235140318367784573e+01
3.211794945142965219e+01
3.246972963929558631e+01
3.220241885959278250e+01
3.245702899018100140e+01
3.251326769263583572e+01
3.237160163331224538e+01
3.243053583779277460e+01
3.239927020332783059e+01
3.236116722644715793e+01
3.237719853798620306e+01
3.236115232264451436e+01
3.246112135028716494e+01
3.217701105982904863e+01
3.237654356596057426e+01
3.240959867200199795e+01
3.237343188397866811e+01
3.243658878183896377e+01
3.234519266521390080e+01
3.249803878044833283e+01
3.238022903682342957e+01
3.241629111693128351e+01
3.249993192891824378e+01
3.257151816073153583e+01
3.215487871817015986e+01
3.243682193731884666e+01
3.226458569064145365e+01
3.221577394123709581e+01
3.255083971537444398e+01
3.236608880624517326e+01
3.217071029961995521e+01
3.246133810389882512e+01
3.247683757737429033e+01
3.249713194856096976e+01
3.246552888596283282e+01
3.247240464204077171e+01
3.227850167639339674e+01
3.243415909217991100e+01
3.214258850935600975e+01
3.240318249060117495e+01
3.256826213170414519e+01
3.244383196725382845e+01
3.238772082259535523e+01
3.248655695306894131e+01
3.232882414209256439e+01
3.243169744097583873e+01
3.252536579487158264e+01
3.251633885235655441e+01
3.255435128486764285e+01
3.233949635542791867e+01
3.235040156551336565e+01
3.228136304667960133e+01
3.319544605142102967e+01
3.248403380426615428e+01
3.243555996254359286e+01
3.244149988837873622e+01
3.267112489942248743e+01
3.266754756563194917e+01
3.224998257037879057e+01
3.226262690036336522e+01
3.226740686577125672e+01
3.232335344280071610e+01
3.387862694471309055e+01
3.234614138863496891e+01
3.252395944515002668e+01
3.235154697444858130e+01
3.227396774630463483e+01
3.256439537227578285e+01
3.336700053570822888e+01
3.240263982483672578e+01
3.382346752710389381e+01
3.340070536277355728e+01
3.250766583561998146e+01
3.298154805789631894e+01
3.279829321741894432e+01
3.244747344320758486e+01
3.454002230874863244e+01
3.225148208072182854e+01
3.264730392955746652e+01
3.355141329921023896e+01
3.232066730446285874e+01
3.410308848410441840e+01
3.281119328751854169e+01
3.335534621076843109e+01
3.248699303863727295e+01
3.233977114112063589e+01
3.307443521634836969e+01
3.521539431064606873e+01
3.230302890161032536e+01
3.243836128352186421e+01
3.214662030391518499e+01
3.444828542286836637e+01
3.357218366451822078e+01
3.240473997501309356e+01
3.239794998843731122e+01
3.249984540665214894e+01
3.264834843092197758e+01
3.275960803403785349e+01
3.295798530924928116e+01
3.465429291086822872e+01
3.386539617161554361e+01
3.639934379609613302e+01
3.353609647539677496e+01
3.270497164289166392e+01
3.228203110644862051e+01
3.331541973780101529e+01
3.246791554181615425e+01
3.732061503516068512e+01
3.267556147230077102e+01
3.469114815330214441e+01
3.307120065387355368e+01
3.539436268494886662e+01
3.235233782199524910e+01
3.349327202039228979e+01
3.473433593503818173e+01
3.633896667170109396e+01
3.758794073361434585e+01
3.430544812633920060e+01
3.242930567986236667e+01
3.244798130557010296e+01
3.397440418384241667e+01
3.263456790463774126e+01
3.673810993602242547e+01
3.638080048193420879e+01
3.317750653543218675e+01
3.390126900691347345e+01
3.434135187588369575e+01
3.239358532301468330e+01
3.627836652740251111e+01
3.741631673847267336e+01
3.333323890638388320e+01
3.584342633838767966e+01
3.382784121547952338e+01
3.422796355968017679e+01
3.522859788641456191e+01
3.300707571225391490e+01
3.534451061803607530e+01
3.692725036803103933e+01
3.709059128852381804e+01
3.337091590606242164e+01
3.425584572715124665e+01
3.515326533740370252e+01
3.250549895538093637e+01
3.716188886132646729e+01
3.236335484428605014e+01
3.805721414431835115e+01
3.398690777101946736e+01
3.286115831373405172e+01
3.941719746310066341e+01
3.219371822850113318e+01
3.672452627655454904e+01
3.249486203055044342e+01
3.479626337702350014e+01
3.523033157791683578e+01
3.740270522627081817e+01
3.272467852288538381e+01
3.725100559207241702e+01
3.241597910954730111e+01
3.244581404680541681e+01
3.279210173971749498e+01
3.536453559035347638e+01
3.262341138956014674e+01
3.375882383785504715e+01
3.504702819506372435e+01
3.269182621065904470e+01
3.566851929231896179e+01
3.796807259903837917e+01
3.695146995177520211e+01
3.321459796343578574e+01
3.963367476708458526e+01
3.753951615653248552e+01
3.571591219315576637e+01
3.544344776110681750e+01
3.773984306293787938e+01
3.717452305968274828e+01
3.672145118041684952e+01
3.663414648917087391e+01
3.863035182805103318e+01
3.770333574620691053e+01
3.873354280254449833e+01
3.803540200200098553e+01
3.239512613071606495e+01
3.765439477994658546e+01
3.706833111800872871e+01
3.522364450940006009e+01
3.631069852651071983e+01
3.437446187124660923e+01
3.649035238529923930e+01
3.615724610189816701e+01
3.836562354877278835e+01
3.757630740607245912e+01
3.893289279772231026e+01
3.744475005409506707e+01
3.717352542430231210e+01
3.613108656684824638e+01
4.000081826576955990e+01
3.780810726583211334e+01
3.706047233784313022e+01
3.902840976145599683e+01
3.735789160562529077e+01
3.868959004074847030e+01
3.804790557502165171e+01
3.732111911202589027e+01
3.743345120670258552e+01
3.841604706943131475e+01
3.797737015748804623e+01
3.725993094926418792e+01
3.698352660727615415e+01
3.793865153563677239e+01
4.015400032841446176e+01
3.768374439459554281e+01
3.670391658556675907e+01
3.774300760470764970e+01
3.798449643349740512e+01
3.927569133204799101e+01
3.986740738511164750e+01
3.773620061203380516e+01
3.807007813354358916e+01
3.736010118079025233e+01
3.799452008416065496e+01
3.821870666220635826e+01
3.821745138707379397e+01
3.963239891098079681e+01
3.829956610061863387e+01
3.721829440748745554e+01
3.743989195488754262e+01
3.888521502213323799e+01
4.003784316846019209e+01
3.707880088827409537e+01
4.018428807209511433e+01
4.029310132483962548e+01
3.962497375690664825e+01
3.750711641480793901e+01
3.694276132645659771e+01
3.771355330446242249e+01
3.978002853820766660e+01
4.057397542646025812e+01
3.982573275402613433e+01
3.863480842099418311e+01
3.953123027611922424e+01
3.838811850164055528e+01
3.705920904338131550e+01
3.760480437317801972e+01
3.747481721616044581e+01
3.981355619240659394e+01
3.795800985727000665e+01
3.711813040050172674e+01
3.782916262499961135e+01
3.951295970752714481e+01
3.702974729102350437e+01
4.007332295350749263e+01
3.839397663341669187e+01
4.007755300562524070e+01
3.772873521246947348e+01
3.821491373458086827e+01
3.977676145855383538e+01
4.069621215137974701e+01
3.824817636713177649e+01
3.778634049513420479e+01
4.036526790474775339e+01
3.826246160252491535e+01
4.038546324743719396e+01
3.858123383149845864e+01
3.826827749162447390e+01
4.013924601081384935e+01
4.117976367174588148e+01
4.027646504873398925e+01
3.952229738709112183e+01
3.751699399357049458e+01
4.014415172521888309e+01
4.058198712969041111e+01
3.764424026362063813e+01
3.838096257370406050e+01
3.889269609181457810e+01
3.717571905658321185e+01
4.067572919220754102e+01
4.121259084602480982e+01
3.787777313261099721e+01
3.996359159691692042e+01
3.909381253207780560e+01
4.070972086744730234e+01
3.911258676400402834e+01
3.807109296040294311e+01
3.927837454194292377e+01
3.822389144649697812e+01
4.072567094641934915e+01
4.111642533231213292e+01
4.065913240146398522e+01
3.884686491973864975e+01
3.825501343200857463e+01
4.057538084486624541e+01
3.847690631143806428e+01
3.782420281240344195e+01
4.017956263836859421e+01
3.855060730416838055e+01
3.894562933207463828e+01
3.765173115385515956e+01
4.076410397778260375e+01
4.079424665021502960e+01
3.895912113614434702e+01
3.687722628913954281e+01
4.066047289250011687e+01
3.882039893981968248e+01
3.809759042983877464e+01
3.858185584003937407e+01
4.061541726562484200e+01
3.880705632193254218e+01
4.060280624077867628e+01
3.846218160029939526e+01
4.075008380787681261e+01
3.884828064543319925e+01
4.101799365388222895e+01
3.948191034529839527e+01
3.874818514909909339e+01
3.922581669472697286e+01
3.933639854967796623e+01
4.093546838767542795e+01
3.902947297663899207e+01
3.818055174795388496e+01
3.756766545109714173e+01
4.075884048507405311e+01
4.129794048820116359e+01
3.901275722560141190e+01
3.864674455550349563e+01
4.096750645789871470e+01
4.091121428821613648e+01
4.096592266835590124e+01
4.010556154621873048e+01
4.078353292074099556e+01
4.005172629695133679e+01
4.107545392526592565e+01
4.122279367788627980e+01
4.090059965822469223e+01
3.900223301041460644e+01
3.790979239979684223e+01
3.938849170062959359e+01
4.166567043942441018e+01
4.100681496328684261e+01
4.337203322733976307e+01
4.092093550767670962e+01
4.215617462962788409e+01
4.104591128974410452e+01
4.357670433621046158e+01
4.096392469035150441e+01
3.990533483295870099e+01
4.198420225121268601e+01
4.032432643071582845e+01
4.218199200566007079e+01
4.115852492442709831e+01
4.144693288474669401e+01
3.914089492633664236e+01
4.215926878659097099e+01
4.145169301574794929e+01
4.251437513779656285e+01
4.439315967229583038e+01
3.938590280810609556e+01
3.892447977691400496e+01
3.824296232904117687e+01
4.388251863215206328e+01
4.158981712619246451e+01
4.043601963471752470e+01
4.286405591618639477e+01
4.014423147743239184e+01
3.915497312312633937e+01
4.298731351859136396e+01
4.144330855794339641e+01
4.184127941805580519e+01
4.459574824287825123e+01
4.004734298331568709e+01
4.501775326220926843e+01
4.123612899405075183e+01
3.868255196014347064e+01
4.535839575875530727e+01
4.066496582667683413e+01
3.864558537652605708e+01
4.087702666081598579e+01
3.905197444207737334e+01
3.957181786806610546e+01
4.602037799755756708e+01
4.781008222942655550e+01
4.038716454117173527e+01
3.916839005196578682e+01
4.704777447481986741e+01
4.040784024899927118e+01
3.938664248578547955e+01
4.005605745409750540e+01
3.982302449221950269e+01
4.865373745781523240e+01
4.125655112489621956e+01
4.540928413428206767e+01
4.753165252959027498e+01
4.581311565835375177e+01
4.033642738505868408e+01
3.996536481669176055e+01
3.848945403175183344e+01
3.859346739545670602e+01
3.921296056483850379e+01
4.083100853572805988e+01
3.949148995761873238e+01
4.937356729477701833e+01
4.596324819945958495e+01
4.135008244649007736e+01
4.746206565924318710e+01
4.870185022004302056e+01
4.536832376171989267e+01
4.547820755320569930e+01
4.217655278316390621e+01
4.636090531223430133e+01
4.018110496150480770e+01
4.822099270391736070e+01
5.043908461923827957e+01
3.942300414474504322e+01
5.040022350471240031e+01
4.058513109350762704e+01
4.088263275764742133e+01
4.813030192688573550e+01
4.067543432801880954e+01
4.757909250627303521e+01
5.114887845341209527e+01
4.613800441528857021e+01
4.954648780053511103e+01
4.152486396433832994e+01
3.997002181424609546e+01
5.308011595102497893e+01
4.860629875443125769e+01
4.955102469037058199e+01
4.078807383177643686e+01
5.160607377639374960e+01
4.824960207192678752e+01
4.109182979440592476e+01
4.009700401905325862e+01
4.101771872391697116e+01
3.943913536965021649e+01
4.006616615472483289e+01
5.343146872396715708e+01
5.145553757234985426e+01
5.123483803900899147e+01
5.036684643541739348e+01
4.024598890681495078e+01
5.388543856324083237e+01
4.944711218767348981e+01
4.017866016068006729e+01
5.306379375762075057e+01
5.103954814632676573e+01
4.957825582818996679e+01
5.123593290576076242e+01
4.076533644706118764e+01
5.255529712704760925e+01
4.169449824691885453e+01
4.077861549044853007e+01
3.973174294363924020e+01
5.476902452532889498e+01
5.042646860951285959e+01
5.189484277680237767e+01
4.114382811884787827e+01
4.011286927598982999e+01
5.372013704564297143e+01
4.141247748514652471e+01
4.199834206509905954e+01
4.269741738864743041e+01
4.125533532499172651e+01
5.529814867527040434e+01
4.190516554042075370e+01
4.022365212148542213e+01
5.625284226323881853e+01
5.208318627489089891e+01
5.283466297936896439e+01
5.292694325350905871e+01
4.251232017277725816e+01
5.493409791327777469e+01
4.114254327843958947e+01
5.359391116967319135e+01
4.251470074239262686e+01
5.308195376029209456e+01
4.139932710476538347e+01
4.290148826707583396e+01
5.516930847732356824e+01
5.171536455063828441e+01
5.318395603568713881e+01
5.185886619710926482e+01
4.194500469601210568e+01
5.443427879182705453e+01
4.292201799337865964e+01
4.162924545262629294e+01
4.644579684504626726e+01
5.204965074537298619e+01
4.125820954100484528e+01
4.318727910141458892e+01
5.540013360610684146e+01
5.377568595328600054e+01
3.983341402781043428e+01
5.622693557598285707e+01
5.280561169013368783e+01
5.433885180584652375e+01
5.388784565602340138e+01
5.378879814438876394e+01
4.151576718002993971e+01
5.400748420194707222e+01
4.182613008801449439e+01
5.637960894669888745e+01
5.290384107043875872e+01
5.324629115933764467e+01
5.370920982727531623e+01
4.057020794003565101e+01
4.406221980120957937e+01
4.701628966403342247e+01
4.076100373533473231e+01
5.663225805657543788e+01
4.137356264685891460e+01
5.618128959737165218e+01
4.176980439974694548e+01
4.601504413624859069e+01
4.057570913157948667e+01
5.684710692196401283e+01
5.454053139447710663e+01
5.663539548266623314e+01
5.519782038992447326e+01
5.289427578038657884e+01
5.663052306491194798e+01
5.388036019674228072e+01
4.132016621738934958e+01
4.726729552824413361e+01
5.635391112986248174e+01
5.339587800547442242e+01
4.134337992315364119e+01
5.560505038841822767e+01
5.354577553410481272e+01
5.495858132966790066e+01
5.285346401163411656e+01
5.657191416252486960e+01
5.398742102549995536e+01
5.589803596434904875e+01
5.517494958037543995e+01
5.412977720925407965e+01
5.501365267296833395e+01
4.133179174462154748e+01
5.666650372271494973e+01
4.081355906424884950e+01
5.657916234605526995e+01
5.327163818154954811e+01
5.364098071467539341e+01
5.451349574560779843e+01
5.571534652693776479e+01
4.048736740531347067e+01
5.631538992775064401e+01
5.629562013153083910e+01
5.562828341136314236e+01
4.127352867678172288e+01
5.805799169192559361e+01
5.389536587636798970e+01
5.513441770713499324e+01
5.440531297832572477e+01
5.500829818291784790e+01
5.580320130652100374e+01
5.439517300660201471e+01
5.558629116696244665e+01
5.658298885859426264e+01
5.647298760552713759e+01
5.595915872449948125e+01
5.556192507822843396e+01
5.780026751312512090e+01
3.978583712668002903e+01
5.644193104593674803e+01
5.630815110491405306e+01
5.512004689477524266e+01
4.041809990766439142e+01
5.609320389512559757e+01
5.519922523514548374e+01
4.002275657157887423e+01
5.746608708179821434e+01
4.003519337051276494e+01
5.881700091001811614e+01
5.499898173847745397e+01
3.894191616683171020e+01
4.948699827146131014e+01
5.526652898359122901e+01
5.523441199957977688e+01
3.828003992922341325e+01
5.771539917754770954e+01
5.524962563245376401e+01
5.682961729987490429e+01
3.864108860109037380e+01
5.821892021973016540e+01
5.599524116305159538e+01
5.658020091905291338e+01
5.557474141179714167e+01
5.617099128777847739e+01
5.496205735984005258e+01
5.834098977184504520e+01
5.595887212098454455e+01
4.094445836187601628e+01
5.736283115981687786e+01
5.456565249958293862e+01
5.616039614767888821e+01
5.536228334623555725e+01
5.752226460343577230e+01
5.608347693036290593e+01
5.707741774208216867e+01
5.773511733975095694e+01
5.577653406930435409e+01
5.605138562006425218e+01
5.647449658342210910e+01
5.632352394656127359e+01
5.782096097938768509e+01
5.520172625195314708e+01
5.624224737215740788e+01
5.754970051107451923e+01
5.734307403342693732e+01
5.774104614905056110e+01
5.629244953016772968e+01
5.692030117785338916e+01
5.493863134915014257e+01
5.608916965995568660e+01
5.809916783143487606e+01
5.579265628159635071e+01
5.693442439366744878e+01
5.774550132514098522e+01
5.846218291744732909e+01
4.104980610895660931e+01
5.770275853152840995e+01
5.685405211520404123e+01
5.630782594939029906e+01
5.644724650142129008e+01
5.611640844259590466e+01
5.644607545187729869e+01
5.610950714188900434e+01
5.518087249492377566e+01
5.627296392003863446e+01
5.722176205825788742e+01
5.762865071874258405e+01
5.697425695006239721e+01
5.524274344947016857e+01
5.707260892437659550e+01
5.620758757740506439e+01
5.571527453184006617e+01
5.720889657135519712e+01
5.588326993323860137e+01
5.731505804973908624e+01
5.593495975903219630e+01
5.755745388101239257e+01
4.295287383702451933e+01
5.629400718440370355e+01
5.658727692064090320e+01
5.592564828904795604e+01
5.609577526788709889e+01
5.642183395721390582e+01
5.603490528361945167e+01
5.626652129200397212e+01
5.649913852322076480e+01
5.624132976138926665e+01
5.635817985067517100e+01
5.682353284506225322e+01
5.639599834016026847e+01
5.539156496439591137e+01
5.577886197950827807e+01
5.779733958792249382e+01
5.653571070300095869e+01
5.673790529010344130e+01
5.683798182208803240e+01
5.651294026468060139e+01
5.651679902749805962e+01
5.773463800326135953e+01
5.673650362153442472e+01
5.634097876686111306e+01
5.674539819111706151e+01
5.519535384540237288e+01
4.641186408276044517e+01
5.470369171827687893e+01
4.661842365701283342e+01
5.705155127651700298e+01
5.690974558477404344e+01
5.644502912675898898e+01
5.553966092905093888e+01
5.666673409825126129e+01
5.602420089832858707e+01
5.605818320156276968e+01
5.583091485160208123e+01
5.511072954143497782e+01
5.641466606418071450e+01
5.529625106327625872e+01
5.707952771018261018e+01
5.646460116413248898e+01
5.501192638230594412e+01
5.614076264817799711e+01
5.614518384390407846e+01
5.650621069314149736e+01
5.610578930265252495e+01
5.679140317512084124e+01
5.501118910093358494e+01
5.494770986787883515e+01
5.658742845475223504e+01
5.544233700824583622e+01
5.515246093393753313e+01
5.538501255337052243e+01
5.546317253380093604e+01
5.530443855580569590e+01
5.629270760802182849e+01
5.681417342798369674e+01
5.553943375450247544e+01
5.612500448433046785e+01
5.606945754079244182e+01
5.577253396784240635e+01
5.582514125367121949e+01
5.624939905500258419e+01
5.568080026703998442e+01
5.623707608868474495e+01
5.573393896270076198e+01
5.695186741200328839e+01
5.558225721372315320e+01
4.932988670989644930e+01
5.469544169734879802e+01
5.535486376059127878e+01
5.550025585674490713e+01
5.430750411642812736e+01
5.582927147808633350e+01
5.493232120795004647e+01
5.472311765238695358e+01
5.588385600243183404e+01
5.581947291914376308e+01
5.604197481778755474e+01
5.505866071881392543e+01
5.389495650709488217e+01
5.607541937229332518e+01
5.592328132661734941e+01
5.526779262894212508e+01
5.645981260103799571e+01
5.505607725459516644e+01
5.577583831244287893e+01
5.449301114009081459e+01
5.600591867154253123e+01
5.527605066634438202e+01
5.512993723974557270e+01
5.520637524929193773e+01
5.515295562564119081e+01
5.588959995081403065e+01
5.460820375135659077e+01
5.461523646640561935e+01
5.575341577745314225e+01
5.442070360075900481e+01
5.534235326473621086e+01
5.575822780199727902e+01
5.542765258882426593e+01
5.484598054634430753e+01
5.619601808841390778e+01
5.435212461819531882e+01
5.501824290895307001e+01
5.448325802858667544e+01
5.481408986798493288e+01
5.508641309031751376e+01
5.513353349747151810e+01
5.498073213948803328e+01
5.541527869410320051e+01
5.421054033068181610e+01
5.373741035247336129e+01
5.537139980000284822e+01
5.431375709828345322e+01
5.435853491095000578e+01
4.854726359492779153e+01
5.493982559359134399e+01
5.513191547222401567e+01
5.547533347682151117e+01
5.437985253825560505e+01
5.532571046546202354e+01
5.503014921290851902e+01
5.475047577992388170e+01
5.475862159069453838e+01
5.547916554415920132e+01
5.400252995764034125e+01
5.351894072503862532e+01
5.450494197640653482e+01
5.445514639844446236e+01
5.338023741816521550e+01
5.441301159392577347e+01
5.346228653006184572e+01
5.375145067789789266e+01
5.470445691252264453e+01
5.132423764059744542e+01
5.449849295167834384e+01
5.402047123093817049e+01
5.332362271434271150e+01
5.411316432770489371e+01
5.362168906804115664e+01
4.956418118941648032e+01
5.312586551437495785e+01
5.440191348461819132e+01
5.309648776455308905e+01
5.376202650347568834e+01
5.325212683791041002e+01
5.385367325204632039e+01
5.335372891458939648e+01
5.421570603577884384e+01
5.323080720701851476e+01
5.255459218648535114e+01
5.424316156766290931e+01
5.426848000400735117e+01
5.340696488708942269e+01
5.331033444655790987e+01
5.249000056938480441e+01
5.362284941187606790e+01
5.344895968185495150e+01
5.244656853625036774e+01
5.425844013525452425e+01
5.279084501210267888e+01
5.269481756830315788e+01
5.255094556818991691e+01
5.328783601790684799e+01
5.363453308890205307e+01
5.272453016351659016e+01
5.285565606084392698e+01
5.225421330283069921e+01
5.254067048943821305e+01
5.191290542602497027e+01
5.276910655508886805e+01
5.374831162109965987e+01
5.342977229123743399e+01
5.268492828339647360e+01
5.251245078923336251e+01
5.247464744931210845e+01
5.248283712720495942e+01
5.181417716174319565e+01
5.281458459347521028e+01
5.307864593929892294e+01
5.216516994517476746e+01
5.335541167178129740e+01
5.282864914237701015e+01
5.178376491241812829e+01
5.265308087279365168e+01
5.283490656084410375e+01
5.200419782254948586e+01
5.241797605297396956e+01
5.202272054596727457e+01
5.211212910606958104e+01
5.209390231090614520e+01
5.317988993394723707e+01
5.318972332312738160e+01
5.254390721733869896e+01
5.097027122572360724e+01
5.226177974611574228e+01
5.187504367536860883e+01
5.174885297456251720e+01
5.168819746143670812e+01
5.272716255677012498e+01
5.118775416035862946e+01
5.166031744806355874e+01
5.102661721459228517e+01
5.044546309793653904e+01
5.174236422771248556e+01
5.155013167557461884e+01
5.117402196346448306e+01
5.172244717306769957e+01
5.072958461898632265e+01
5.109612218213439405e+01
5.167722645099574663e+01
5.112171085397994119e+01
5.128089505176961893e+01
5.113093598796230310e+01
5.214294633360187703e+01
5.122030250712150234e+01
5.117320165644447627e+01
5.063312008579024592e+01
5.202865118461991045e+01
5.140322655403593188e+01
5.125550684746104935e+01
5.148431122907251734e+01
5.109431184650060231e+01
5.018679811820054226e+01
5.010524736989400196e+01
5.023004343686515938e+01
5.113962440385031272e+01
5.103909590493309167e+01
5.033433841181077639e+01
5.077583074632466520e+01
5.069233098181126707e+01
5.017829012006939138e+01
5.059783453742558379e+01
5.146498145019765502e+01
5.099762990273645613e+01
5.063592633487251504e+01
5.054408669107299090e+01
5.127638685807765739e+01
5.075954053970782098e+01
4.990550539237521122e+01
5.103618800521512355e+01
5.002118536805959792e+01
5.123669645769154357e+01
5.007789976374445473e+01
5.076567345563908873e+01
5.042043460297205826e+01
5.038633033116148141e+01
4.928039091134700556e+01
5.051540139076666946e+01
4.944064912485912089e+01
4.924594477904341261e+01
5.052789342099087833e+01
5.018625795005439016e+01
4.976107194093312103e+01
4.996231747320494776e+01
5.070420785164672850e+01
4.953588314162060158e+01
4.971502968456135818e+01
4.970261469740495386e+01
4.933515557212042069e+01
4.864708688800482150e+01
4.905347624872993606e+01
5.048127850071896461e+01
5.033439303824367528e+01
4.992846865756127528e+01
4.951635826101677651e+01
4.975455996766099531e+01
4.917998813189540641e+01
4.917733060292734848e+01
4.906326983478317061e+01
4.862572854232860209e+01
5.012191969228331345e+01
4.880983159015528372e+01
4.968789504849921457e+01
4.986945635567852264e+01
4.903922201788108737e+01
4.910228031059448739e+01
4.877286311486314219e+01
4.967840369857467664e+01
4.917868331371897028e+01
4.958533990926557777e+01
4.917702549552593894e+01
4.967089794675610648e+01
4.916229703445022636e+01
4.925466841803350349e+01
4.896849583126595462e+01
4.887483284722650723e+01
4.818206466230141416e+01
4.808244316764643145e+01
4.969643429232701237e+01
4.908617675415199955e+01
4.960900629246043536e+01
4.950709404692069882e+01
4.894794419996834023e+01
4.853191645119676423e+01
4.813092464909334467e+01
4.876674908802116448e+01
4.871760512757131778e+01
4.827914326916088328e+01
4.775501823488549746e+01
4.841884551441056317e+01
4.882216281322405393e+01
4.765351457057807494e+01
4.834411853939477766e+01
4.891531969289278692e+01
4.839621602677373602e+01
4.815141067358712235e+01
4.906840645154881742e+01
4.835659364999134624e+01
4.677651501688809788e+01
4.829210246992688838e+01
4.830171199981811014e+01
4.773596844548946194e+01
4.854679618691038456e+01
4.867188250176303654e+01
4.842577506224718320e+01
4.762169460453229419e+01
4.771559242098949483e+01
4.769491412929878749e+01
4.796623603369292965e+01
4.715529755867514439e+01
4.704303508547990731e+01
4.833772071267203785e+01
4.800312775578736080e+01
4.790381493988888195e+01
4.732538132644958040e+01
4.803587840290494171e+01
4.740079119951771958e+01
4.719023692066021169e+01
4.840998451256177049e+01
4.796286226688389576e+01
4.759757700210925435e+01
4.790308646008236337e+01
4.791698544914596880e+01
4.740948683618449166e+01
4.830405982474297133e+01
4.823000941148052334e+01
4.761138080524923311e+01
4.689789118998479012e+01
4.700614408161696645e+01
4.693815700439778027e+01
4.724852147522879875e+01
4.754271183196690487e+01
4.801453039262381139e+01
4.735177200077151838e+01
4.725361080957481619e+01
4.721167355820671219e+01
4.690135678850612777e+01
4.765045511102815112e+01
4.636462339623086848e+01
4.644119454607421460e+01
4.616242663068344143e+01
4.706139494698665970e+01
4.633401982162088473e+01
4.715413490140763031e+01
4.675757794535452661e+01
4.673467562255448371e+01
4.718905509938174703e+01
4.696119431562743074e+01
4.677092757172808035e+01
4.637923371168800912e+01
4.611490553783016821e+01
4.702594493750001448e+01
4.706867382984862047e+01
4.758448526524895072e+01
4.599700641082413455e+01
4.696440694924234549e+01
4.679257056923255220e+01
4.701911504352941762e+01
4.702109725007606045e+01
4.621344861632242385e+01
4.655243644476782094e+01
4.639781587848721500e+01
4.731513405371067904e+01
4.715109595682081078e+01
4.653264091748690845e+01
4.658496320262994317e+01
4.640010964863841281e+01
4.650158196549776335e+01
4.698282578411748034e+01
4.666330742796164799e+01
4.616005038821524664e+01
4.654571630410448790e+01
4.682885598413993478e+01
4.567034787458313616e+01
4.629632764005564383e+01
4.541100359993728830e+01
4.624761562241526747e+01
4.688758512399679290e+01
4.583294526079769327e+01
4.644038168823836088e+01
4.526896896087845334e+01
4.590980858295155542e+01
4.607608285130977066e+01
4.650460850989527728e+01
4.562850594057731968e+01
4.626737225997442948e+01
4.616750520318603179e+01
4.604876670474832423e+01
4.588503186462349959e+01
4.651473794259164407e+01
4.569320361150320053e+01
4.616405286728997481e+01
4.642580066155270657e+01
4.589564619880587770e+01
4.537710154039096011e+01
4.551104220814506363e+01
4.538761377038169798e+01
4.549019044802878398e+01
4.532023433553178648e+01
4.588968486336275276e+01
4.563978203701830694e+01
4.612356058722136254e+01
4.613156236492283568e+01
4.605173681997253965e+01
4.620624840389278631e+01
4.514172632546944897e+01
4.519098248234318760e+01
4.533958916583345911e+01
4.552548563506016421e+01
4.500194597132708196e+01
4.526028107114933619e+01
4.525312675243415583e+01
4.504247500528134651e+01
4.463370406651302602e+01
4.608370453307861681e+01
4.483411483457454239e+01
4.555682756190421401e+01
4.520402761484688625e+01
4.503471818009227690e+01
4.555296165332939040e+01
4.496856905927662496e+01
4.563618632676281095e+01
4.520474203407630398e+01
4.476360531884419913e+01
4.509873031708268343e+01
4.511080729028874003e+01
4.508770831849164296e+01
4.565478163219063390e+01
4.515676313549037957e+01
4.496532374418152500e+01
4.531668707951052255e+01
4.539613122128651668e+01
4.535921917078481158e+01
4.460884207882933339e+01
4.476279076198716211e+01
4.457897538163695117e+01
4.445841212898897510e+01
4.455429600891702790e+01
4.529032776346736711e+01
4.462452622837699323e+01
4.491167093732472892e+01
4.453694114587258213e+01
4.452422697632489701e+01
4.497114312788742296e+01
4.500767804034080655e+01
4.508876158565890080e+01
4.524855517636341062e+01
4.448850556410351231e+01
4.478392057388441572e+01
4.484932372960361846e+01
4.460198579324057278e+01
4.441552865539489403e+01
4.377648708099722796e+01
4.477196756250884846e+01
4.503456448405081858e+01
4.498450670962627385e+01
4.433937574092807665e+01
4.384803811937396034e+01
4.410507207271095353e+01
4.441174187558694086e+01
4.430330370729250689e+01
4.439065704788912115e+01
4.458768037436460219e+01
4.473456630757401342e+01
4.366218405037669470e+01
4.410854193580761518e+01
4.440453706276643686e+01
4.351139785411086081e+01
4.413807065482832570e+01
4.384153075870946026e+01
4.399666735607999613e+01
4.423581293695743000e+01
4.386443251062938486e+01
4.470949544710961732e+01
4.488237132513651773e+01
4.448187465237288762e+01
4.449707626073153932e+01
4.431726985570921329e+01
4.315366937858312468e+01
4.470959999297544840e+01
4.467599319525581336e+01
4.354377143363168301e+01
4.441367214392239049e+01
4.407028654593636219e+01
4.427922876378316630e+01
4.352560740262154582e+01
4.367849367047480769e+01
4.332771802212909051e+01
4.424252423989970140e+01
4.331031272355034645e+01
4.393044080555196729e+01
4.450912527254845941e+01
4.425312799181161694e+01
4.343301609735055280e+01
4.393528662556371245e+01
4.391694903388577131e+01
4.410521965201925099e+01
4.358145770265284114e+01
4.320161070611382570e+01
4.454407879808406534e+01
4.408450246299739916e+01
4.356490171668667699e+01
4.359588925467600973e+01
4.351493404398056697e+01
4.420956171621203623e+01
4.371807318306967716e+01
4.333467812251463158e+01
4.357436262874106347e+01
4.310722934578750198e+01
4.338314085889268767e+01
4.355177008355299506e+01
4.291427201351385889e+01
4.407158711249785199e+01
4.385109052003308960e+01
4.328339265993232488e+01
4.414662631051036357e+01
4.392575184887540019e+01
4.363426008820878366e+01
4.374717662389980433e+01
4.363978885157652599e+01
4.396520294081297209e+01
4.248533327443983154e+01
4.347189942377506355e+01
4.348034716818158785e+01
4.377817058047934040e+01
4.331683000203671696e+01
4.324967441545899050e+01
4.319240574639952968e+01
4.241766117182348950e+01
4.331236750809983249e+01
4.290890001934744191e+01
4.350783750485940971e+01
4.264620272836885562e+01
4.293972085747716960e+01
4.333400488082544655e+01
4.327357293258153703e+01
4.333405442544230368e+01
4.373342983156159391e+01
4.339264058709633787e+01
4.306718718274666458e+01
4.264174739254983137e+01
4.325781382420596088e+01
4.277622013314714167e+01
4.314071206478499931e+01
4.288110035000109121e+01
4.322885233631063784e+01
4.274021207046367721e+01
4.299197518551446962e+01
4.257926872223679737e+01
4.264820033869182936e+01
4.285894222905022133e+01
4.309587207664711173e+01
4.291903950039718296e+01
4.287384149298939917e+01
4.357345862203533216e+01
4.355622858931454289e+01
4.338718949848051665e+01
4.260747015261804194e+01
4.292943840041439785e+01
4.296859256179173769e+01
4.307937694194425404e+01
4.323477016488082825e+01
4.317458901792027604e+01
4.271051696406998843e+01
4.183469846426982031e+01
4.294880381802069280e+01
4.293388287198883546e+01
4.220455805603941712e+01
4.304174656397811560e+01
4.336746227517940611e+01
4.253798320174315961e+01
4.224365499138313851e+01
4.302500796830224772e+01
4.274708879183395283e+01
4.261112976895314119e+01
4.357443166263718126e+01
4.294733292067814290e+01
4.253888788328291781e+01
4.210652895368176729e+01
4.347698499037657882e+01
4.264676177288283299e+01
4.167115316882018305e+01
4.240906129658906565e+01
4.184230401860326509e+01
4.263472317311874349e+01
4.256248119837167820e+01
4.269121348566319796e+01
4.232145188734050123e+01
4.358663024278136078e+01
4.228955240563008999e+01
4.252933077125049266e+01
4.255183484448702558e+01
4.272063312547349767e+01
4.294004317229396861e+01
4.245242756190758371e+01
4.244474383172467924e+01
4.297011741568690013e+01
4.194619694156132539e+01
4.221722429016197964e+01
4.217313355482404802e+01
4.205327423847981549e+01
4.212951268054830223e+01
4.277898284499647019e+01
4.178189351177888966e+01
4.245034110811224082e+01
4.244061431104702109e+01
4.212111883249700384e+01
4.224082880614624713e+01
4.251685793180921280e+01
4.228067941908796001e+01
4.249334498135375071e+01
4.284986711180017238e+01
4.214716269205266030e+01
4.263065504288626784e+01
4.210722595953210856e+01
4.239750578748504495e+01
4.179162160184750974e+01
4.184780470745723591e+01
4.194111930803949662e+01
4.242211166702716696e+01
4.284563289034169031e+01
4.228002300023473481e+01
4.261295395333012692e+01
4.199591946426070166e+01
4.299130164867702319e+01
4.252530586795045764e+01
4.192832708289128618e+01
4.254202577686833564e+01
4.247330482386871608e+01
4.154831170409450181e+01
4.202267211164569716e+01
4.160705672006385925e+01
4.224820222915273860e+01
4.247600993696799065e+01
4.196277027765848544e+01
4.186039030628752755e+01
4.228914759284715785e+01
4.243925512062470062e+01
4.216187145443932849e+01
4.163921562988443270e+01
4.264099805347939309e+01
4.214662032574261730e+01
4.239473091763731105e+01
4.251734873366709166e+01
4.236034899474787352e+01
4.204951936379433874e+01
4.183621029477500031e+01
4.174034580492565993e+01
4.143894929944968197e+01
4.135465521491444463e+01
4.152894724856885489e+01
4.207000782333656730e+01
4.190691435922743580e+01
4.184639334188537418e+01
4.134341419570232290e+01
4.127882396793811637e+01
4.140404906695504650e+01
4.194266522675313524e+01
4.189690818991551424e+01
4.172600459494268677e+01
4.198445782467573650e+01
4.167382777688585804e+01
4.153569919732483129e+01
4.129464917321011797e+01
4.181767471244759804e+01
4.167031538204170005e+01
4.125613708233846211e+01
4.178093069805289161e+01
4.198262613645045604e+01
4.142653578902257294e+01
4.234359894007283742e+01
4.203594768227976175e+01
4.158828095250600398e+01
4.211097412052179578e+01
4.147526747755071597e+01
4.148385692713878115e+01
4.143952803217344183e+01
4.131949475313385989e+01
4.131594716809387791e+01
4.145811230010714610e+01
4.180427789019709195e+01
4.167871738982896801e+01
4.185623358548932060e+01
4.200334003578162623e+01
4.156931680896605741e+01
4.111646041710819333e+01
4.067241226800872766e+01
4.152177091648562879e+01
4.141292315581025463e+01
4.122414523136691855e+01
4.107920216879010411e+01
4.121770999490701115e+01
4.185606985044312012e+01
4.171890454743000731e+01
4.115891808610906821e+01
4.070470097688165367e+01
4.129621208600565296e+01
4.110600500413745806e+01
4.157122719790098841e+01
4.196431612291424074e+01
4.112666979030947800e+01
4.153376863630710147e+01
4.151046500012099472e+01
4.150741211523991581e+01
4.072057798441305465e+01
4.115578395049145399e+01
4.121584524481981049e+01
4.078156750174603218e+01
4.155471462382323011e+01
4.147098838992245362e+01
4.124712247139831334e+01
4.082735788589368298e+01
4.173965414695879872e+01
4.169693518587607883e+01
4.104777702065747746e+01
4.091331975196967363e+01
4.084017487591276563e+01
4.098701764703248074e+01
4.173183432366180767e+01
4.076120733135702778e+01
4.153036345315529587e+01
4.083934590043165969e+01
4.119322898037295033e+01
4.116709056644695153e+01
4.035539664136638294e+01
4.090261600054044777e+01
4.083524859745735114e+01
4.125309873339878664e+01
4.162218250499695671e+01
4.051228535959364052e+01
4.116124581635777702e+01
4.111833707688297324e+01
4.129191098152597306e+01
4.084172137316704720e+01
4.124866316960704893e+01
4.204141571075300732e+01
4.124496595729522852e+01
4.163533636965874507e+01
4.151851574039963566e+01
4.175905880652105395e+01
4.144608376690710116e+01
4.127064187718804078e+01
4.115703048668574837e+01
4.136986883105848989e+01
4.113723884105012019e+01
4.133041147019348927e+01
4.110891252384386263e+01
4.123716018078994239e+01
4.084746207103253113e+01
4.091036211203078210e+01
4.092338138707776807e+01
4.094144157099700010e+01
4.078604887066400408e+01
4.108408687877565058e+01
4.118007436397170551e+01
4.071351282426566343e+01
4.140702491978134958e+01
4.120125031359116008e+01
4.109509129985936937e+01
4.100906022558235264e+01
4.085759533079085770e+01
4.086469178475940112e+01
4.082684542237608838e+01
4.083990328169524275e+01
4.138649689348405047e+01
4.100241063713301060e+01
4.108725853589636046e+01
4.069927632514731641e+01
4.125191857538276707e+01
4.054959414391895223e+01
4.098685065789024407e+01
4.110768462686065305e+01
4.109541542111880830e+01
4.104202574751153065e+01
4.040721406372498592e+01
4.079642861012138155e+01
4.127308834654821368e+01
4.098858456527842975e+01
4.121443144728648633e+01
4.066586356760407739e+01
4.067924763842385261e+01
4.051348271468179973e+01
4.085709684551045484e+01
4.056983213567691848e+01
4.070931401273963957e+01
4.108739208340118410e+01
4.092408440164912520e+01
4.048323318504077406e+01
4.091940955035913419e+01
4.104305093051894460e+01
4.089135179184081892e+01
4.005217176030040349e+01
4.071497735602233803e+01
4.046680174616427905e+01
4.121928746762930018e+01
4.124169311913511393e+01
4.040250717047882745e+01
4.099884251834721027e+01
4.073650932013890724e+01
4.123716386920401078e+01
4.080835468430743163e+01
4.076098704261433170e+01
4.136934561803232668e+01
4.053840263273740163e+01
4.143668943190200338e+01
4.055920472097231766e+01
4.067968329928812210e+01
4.062209164248161386e+01
4.019299220092366909e+01
4.030496815536533717e+01
4.100870938003248511e+01
4.089807618302607750e+01
4.123175083283739895e+01
4.041688778163467788e+01
4.017038404547500363e+01
4.032675552359411597e+01
4.034719878855493391e+01
4.011350647542161596e+01
4.020080091219950447e+01
4.063973782237713550e+01
4.008926952232236118e+01
4.038231572978245509e+01
4.050992842832437191e+01
4.025834374640634650e+01
4.043020114714008173e+01
4.085126607395517340e+01
4.084262545382460985e+01
4.090776703794748670e+01
4.073344105142709992e+01
4.022851749038534308e+01
4.010478187380057591e+01
4.031839182767685514e+01
3.981871614184922237e+01
4.012287812185341807e+01
4.015326015674859406e+01
3.968788415425884608e+01
4.027300525004301335e+01
4.038016293909007004e+01
4.091275661596426261e+01
4.067296345240625755e+01
3.968803494653194264e+01
4.088010700417034116e+01
4.000946808368200891e+01
4.085095752051877582e+01
4.015974357360048685e+01
4.055801596276924670e+01
4.033114320741477599e+01
4.063566698832237734e+01
4.005829815121339266e+01
4.002346863128556720e+01
4.022343976135589116e+01
4.077731000803525774e+01
4.043282479517718997e+01
4.055530157877016961e+01
4.067557122348927834e+01
4.051888472807521424e+01
4.048418980517778465e+01
4.054610453071628484e+01
4.061649071370347031e+01
3.978274830025885223e+01
4.017839093895320701e+01
4.036814029987368002e+01
4.074305338714889757e+01
3.964588383190882581e+01
4.072718708490010897e+01
3.984343653613940006e+01
4.063960406345609755e+01
4.060646401326058452e+01
3.997253877730030780e+01
4.072786274277519425e+01
4.014494482472434100e+01
3.970052988276098205e+01
4.033750867429405673e+01
4.027195998218697781e+01
4.036548283204155041e+01
4.035390048274434349e+01
4.009248312825955907e+01
4.066517217571088594e+01
3.989751440305837349e+01
3.993096868307109304e+01
4.042831303210224547e+01
4.031101934932321740e+01
4.032208740189270202e+01
3.982912469159410307e+01
4.051455116350926744e+01
4.007775260730300459e+01
4.080849123828126324e+01
4.020570366926833117e+01
3.943257117023649982e+01
4.015912226370881655e+01
4.044629263406910979e+01
3.954542047325259091e+01
4.011665514857028825e+01
3.983953456558734274e+01
4.000483343031840633e+01
4.039835351126206575e+01
4.055270637040494108e+01
4.014886677257179315e+01
4.015914374963610811e+01
4.063642667106697814e+01
4.021869350698240453e+01
3.980411025089282617e+01
3.989114662575756398e+01
4.025541306283223264e+01
4.023678776759224007e+01
3.989969974471475211e+01
4.053687656705181297e+01
4.017652131450570607e+01
4.088642339273526716e+01
3.979466461583135128e+01
3.992722808960292014e+01
4.046429680561521280e+01
3.957310574596762365e+01
3.992925370683281727e+01
3.986523503016184122e+01
3.998925428110700864e+01
4.035533975989071109e+01
4.003170261605213653e+01
4.007610408108661204e+01
4.025214400350900235e+01
3.954573376177125255e+01
3.985660876380110551e+01
4.022691719470282834e+01
4.005064644556349407e+01
4.039799516327349949e+01
3.985772871750079815e+01
3.996455128605928309e+01
3.958722661090208561e+01
3.999026843356734418e+01
4.006828638305407964e+01
4.030724586686986299e+01
3.961475397462174186e+01
3.965415288492404500e+01
4.044943980876262657e+01
3.975860062068574052e+01
3.961377733112445299e+01
3.980862789829497217e+01
4.009518110292820836e+01
3.978931992466635847e+01
3.950823561125923788e+01
4.032917548476212488e+01
4.037231733524998845e+01
3.989992801410712531e+01
3.916741435826618556e+01
3.999485071364122035e+01
4.008123808447328429e+01
4.006008956671618648e+01
4.029393905190446645e+01
3.913266040624898778e+01
3.985274984682146737e+01
3.931632292042570498e+01
3.993148448966686459e+01
3.962548353193184170e+01
3.925489375983266171e+01
3.959607779336662503e+01
4.021648482074709818e+01
4.001900778208501208e+01
4.018923348746926649e+01
3.932029639989845293e+01
3.949668456158221375e+01
3.957897929401600123e+01
3.989814923582333250e+01
3.985978610631730845e+01
3.951587350806010335e+01
3.922748778020140037e+01
3.925473653019415821e+01
3.948522008701831254e+01
4.016947958892581738e+01
3.944659423319603775e+01
3.961116867811830389e+01
3.958119852377573977e+01
4.012419041752350068e+01
3.995751416194120509e+01
4.015821491868626225e+01
3.961654814532027302e+01
3.940705779158669486e+01
3.939690175844202713e+01
3.906107035871558253e+01
3.960168610712524639e+01
3.920810844323327160e+01
3.983418857918712064e+01
3.953214270369237227e+01
4.013372114342450203e+01
3.910598861466098697e+01
3.949679042035828047e+01
3.942867863957480523e+01
3.929510317215732584e+01
3.969768047883687245e+01
3.977322048033455815e+01
3.954292682409118243e+01
3.993719737939793646e+01
3.994541654045070089e+01
3.895179046435307413e+01
3.940876045613174483e+01
3.914471551698794372e+01
3.958583855120791384e+01
4.021669164696136534e+01
3.906195586436067657e+01
3.973584615799662600e+01
3.930388127074454019e+01
3.966814929793937239e+01
3.950405618557332588e+01
3.970373551873706219e+01
3.995922313076625443e+01
3.976950562847378734e+01
3.905736663912234263e+01
4.011145775254132673e+01
3.891134634599434605e+01
3.936962500234686502e+01
3.924932144203378215e+01
3.902170509764050621e+01
3.991540215977001083e+01
3.930259732086931734e+01
3.907409815126298014e+01
3.944042130778083788e+01
3.964467663844403233e+01
3.993078184802814690e+01
3.978027283614822807e+01
3.964128559729710588e+01
3.959285114021056273e+01
3.898284096120311659e+01
3.911712997253199831e+01
3.944581682009702206e+01
4.015480908100887802e+01
3.925906171910942533e+01
3.977651634506763401e+01
3.906126605407682462e+01
3.960927421299898299e+01
3.977002166549141293e+01
3.932742884631188218e+01
4.015935642689891694e+01
3.947950254819373583e+01
3.959805577857173375e+01
3.900490036530455740e+01
3.893970695265057458e+01
3.933419068533132190e+01
3.941899324062706000e+01
3.972647292695989307e+01
3.981989311016329935e+01
3.904042866689795943e+01
3.927304642102903642e+01
3.959727869632518349e+01
3.976858796003594421e+01
3.945492336577030557e+01
3.940155535774878359e+01
3.974068294828530412e+01
3.908585124886290174e+01
3.951199730652400177e+01
3.946719917842246161e+01
3.954640528473404260e+01
3.929866287726417795e+01
3.896342148323349619e+01
3.914907515286746786e+01
3.901597402947183468e+01
3.942689817491238102e+01
3.914415307675877642e+01
3.886690143634471184e+01
3.933768700652013450e+01
3.990342214380640229e+01
3.939034954156956303e+01
3.944295256753637346e+01
3.953152180100460811e+01
3.932942746051208616e+01
3.919029394473183459e+01
3.894795086396855766e+01
3.911504630140959193e+01
3.930454195712466969e+01
3.972272601500480249e+01
3.937615273492436074e+01
3.899386805064617079e+01
3.903712998951922941e+01
3.938562140993492733e+01
3.898896510906631363e+01
3.920745663333167386e+01
3.950042916847495889e+01
3.900105836907148671e+01
3.890902022199204424e+01
3.978280803305406721e+01
3.933467070022358314e+01
3.911839892840951904e+01
3.972131370644903114e+01
3.961230972303876996e+01
3.978953315988699302e+01
3.898480524616172005e+01
3.973573860241810962e+01
3.858006183672843292e+01
3.929311972791921903e+01
3.886830383305020575e+01
3.917768406878788312e+01
3.957168947523793179e+01
3.927176849943988657e+01
3.892422979029934993e+01
3.955763002404452777e+01
3.887140141708205476e+01
3.959309010813522889e+01
3.961931757994636172e+01
3.944129669701199958e+01
3.902411853466895053e+01
3.974618140206865746e+01
3.905498408838597868e+01
3.898883586104385301e+01
3.904674712309496698e+01
3.927259967191964307e+01
3.941756821116893406e+01
3.978420972410770418e+01
3.907041609164404861e+01
3.945762359342240444e+01
3.971300612011681608e+01
3.901813715593551279e+01
3.934918712573691124e+01
3.913035107565302440e+01
3.980321577252579601e+01
3.943270764102015846e+01
3.869780470971455344e+01
3.898636420759404331e+01
3.971206069598813571e+01
3.927149213212958756e+01
3.887620949915119439e+01
3.900779121286375073e+01
3.949431694044892538e+01
3.884650153845666409e+01
3.979111142554069858e+01
3.848410692051511006e+01
3.923754554748484225e+01
3.898606508721547215e+01
3.916439028273573086e+01
3.915154511717809527e+01
3.887930219392949027e+01
3.916819965583724183e+01
3.964549062743483887e+01
3.904940684290947672e+01
3.922723384690367254e+01
3.932103843899325568e+01
3.871753558628271463e+01
3.887549966011386005e+01
3.924345098006353538e+01
3.936590344630000970e+01
3.898211415918098766e+01
3.930995210415454721e+01
3.921709941264203536e+01
3.914626120867932713e+01
3.856831375785469618e+01
3.954075432858731176e+01
3.886806815059706821e+01
3.930628252143726797e+01
3.895359111475212899e+01
3.874044229886194302e+01
3.873391664922191069e+01
3.943440966943995107e+01
3.931053957699169388e+01
3.950893869480888299e+01
3.910702935811195147e+01
3.821423800659171377e+01
3.871975209209882252e+01
3.895583067367100227e+01
3.892700185157882231e+01
3.887788256101711681e+01
3.921037009544964036e+01
3.880122763806448205e+01
3.874609477497330090e+01
3.838775326981867408e+01
3.913410064881353634e+01
3.899594498992722436e+01
3.860895970475885974e+01
3.882660588274762858e+01
3.882570389729077220e+01
3.908494490888719497e+01
3.916410709965339976e+01
3.878628327271012211e+01
3.922967849190288803e+01
3.880611620291509922e+01
3.917354036877701873e+01
3.923710146084778216e+01
3.921839668666309109e+01
3.872399092451623659e+01
3.897630208433144361e+01
3.889329012306018285e+01
3.879412862033017717e+01
3.902390218506786823e+01
3.919807787724072057e+01
3.917472128091866068e+01
3.912759377665444305e+01
3.875349732776591338e+01
3.852322857675088130e+01
3.960663584944926185e+01
3.903251528927916780e+01
3.932826358977379755e+01
3.876816098214857220e+01
3.923685099908193763e+01
3.937704402737920617e+01
3.914099052885871544e+01
3.857393370960280521e+01
3.892131447697833124e+01
3.891528078570709681e+01
3.897869859901314271e+01
3.983321246342384825e+01
3.891080340922719927e+01
3.848277935841446151e+01
3.876187987379098843e+01
3.868524434941545564e+01
3.920135439978270142e+01
3.908038662472870328e+01
3.893593227121167644e+01
3.883965703823903937e+01
3.860842284689607595e+01
3.874655501815840353e+01
3.903500956950261980e+01
3.905164282470534687e+01
3.903989186897664609e+01
3.889972846027730924e+01
3.897120620592081508e+01
3.856446074501015175e+01
3.868350137474984507e+01
3.863843908504897939e+01
3.869571386821540671e+01
3.874825312065853922e+01
3.892969124431967032e+01
3.957785920862766460e+01
3.943858961532272644e+01
3.907029782682698027e+01
3.862455258407165815e+01
3.930027416033358634e+01
3.863503237895731246e+01
3.909912274240442542e+01
3.859597549480947265e+01
3.952284699359265119e+01
3.890860501435827956e+01
3.921891895421438079e+01
3.915331754906539174e+01
3.879363641975812271e+01
3.979187057126382143e+01
3.900733121099732870e+01
3.943708768974025958e+01
3.885413273116722621e+01
3.914769557647363030e+01
3.913142355207711631e+01
3.897544855661445240e+01
3.904282739109388700e+01
3.895490864940804698e+01
3.927478293386520392e+01
3.937216824581763319e+01
3.899277982574218271e+01
3.932654566319916967e+01
3.900819672324935539e+01
3.936659726423305727e+01
3.895771223939916439e+01
3.918563853978884026e+01
3.910583255713069661e+01
3.919639615435963265e+01
3.941102689791508595e+01
3.918348903573440367e+01
3.939806043720331274e+01
3.929452816979296159e+01
3.988070995105725558e+01
3.872685414642803181e+01
3.915570949540925483e+01
3.902114039987135641e+01
3.902316707719848665e+01
3.962078313503877780e+01
3.953206725080554662e+01
3.902795551019281106e+01
3.940888653063021962e+01
3.946159260538251345e+01
3.931888771905235558e+01
3.931101693498005289e+01
3.889516865712438687e+01
3.968816934505400695e+01
3.903014455733958243e+01
3.967381712965045892e+01
3.936598635572077143e+01
3.934955193381465932e+01
3.974872230685285501e+01
3.940350256708495635e+01
3.930636125325275287e+01
3.943159178578234503e+01
3.934371743092459184e+01
3.946966898681536406e+01
3.944018744630541562e+01
3.933578149169779437e+01
4.009975248385541846e+01
3.918536033550870457e+01
3.985609631563215061e+01
3.985188943209787737e+01
3.884685894919766724e+01
3.940760331149573403e+01
3.946591423705906010e+01
3.882407691524450399e+01
3.942145571714657848e+01
3.933225621358781865e+01
3.955889594072478133e+01
4.049486395017774498e+01
3.933687869244025848e+01
3.980801958314516753e+01
3.985870390059297819e+01
3.969720506077084110e+01
3.981649548157541574e+01
4.009352189543745482e+01
4.006564369928565128e+01
3.931252458755434276e+01
3.950970906119577108e+01
3.877956958107288443e+01
3.912895480200894838e+01
3.988628957666229979e+01
3.949819019644338169e+01
3.947824685894635621e+01
4.007827774917324604e+01
4.024718301127525422e+01
4.001421381087419604e+01
4.007966161800203508e+01
3.947578484733750059e+01
3.978606020646655139e+01
3.967250439734823431e+01
3.933076069673025188e+01
4.029785132084301580e+01
4.026143114918976806e+01
4.039808786012167729e+01
3.919822136583795213e+01
3.989034239894972700e+01
3.961165514748151395e+01
3.915802438629263804e+01
3.971044591479501662e+01
3.974112005503580036e+01
3.939840499364120063e+01
3.936865807224936731e+01
3.995148727643117326e+01
3.994429795748780521e+01
3.952329241365993084e+01
3.900872556214949327e+01
3.997017003570377369e+01
3.900243529763484673e+01
3.994587414397857827e+01
4.007533392762125857e+01
3.990004598069428710e+01
4.003180862022768594e+01
3.953882342732364208e+01
4.021686058114664775e+01
4.010484665472326071e+01
3.971548640747467829e+01
4.011754295987506680e+01
3.968837631168302238e+01
3.960170474665446250e+01
4.019044538811077416e+01
3.940813377268499806e+01
3.893454763346943537e+01
3.982918847487309932e+01
3.970381985858878693e+01
4.033421240900675286e+01
3.915857088638574623e+01
4.009747984042255098e+01
4.019774409312694274e+01
3.949023800816330976e+01
3.942337506345332798e+01
3.935476917459807567e+01
3.975021006612293206e+01
3.931925316430650241e+01
3.948911770875467653e+01
3.954963601955568464e+01
3.968082954643421800e+01
3.978251614363209399e+01
3.998703763499859321e+01
4.033696982749017934e+01
3.934241771728110137e+01
3.940338669929032278e+01
4.031967570763029585e+01
3.929729862706631138e+01
3.959595288771444643e+01
3.978391824431168544e+01
3.999315665446427914e+01
4.049714233569978461e+01
3.988350035617317246e+01
3.924250068909820754e+01
4.008107318603559577e+01
4.028444431821644400e+01
3.984163737632928104e+01
4.016298249074767313e+01
3.939258826848706008e+01
4.011281703853011038e+01
3.980537181240211453e+01
3.968462928839143444e+01
3.980493101372314158e+01
4.008173235526845701e+01
4.004347082043010886e+01
4.002251217283440354e+01
4.029896189599367062e+01
3.920932495300339582e+01
4.027542286920280645e+01
4.005924547035667871e+01
4.021326656872424365e+01
4.002473901473327800e+01
3.995554862240917515e+01
3.939390637339035806e+01
3.983711026644282782e+01
3.937109664327746827e+01
3.985994682325640071e+01
3.983432159486793012e+01
4.036969384926460691e+01
4.032455880627957612e+01
3.996137007809856101e+01
3.911986970371805228e+01
4.053979182847646001e+01
3.984965534566573808e+01
3.995238172562324053e+01
3.935035737585752003e+01
3.921898673016327308e+01
3.989321641061579982e+01
3.921210338391470884e+01
3.984015646875693761e+01
3.962918144237385576e+01
3.968966885722175419e+01
3.995972725938724324e+01
3.990993420208431530e+01
4.042544448639806376e+01
3.970994790662384588e+01
3.980232470893201224e+01
4.043916177866263695e+01
3.946023728021048527e+01
3.966433352525523759e+01
3.937920476107863266e+01
3.950916139689608997e+01
