3.546288506404108176e+01
3.564495429231355672e+01
3.303970235435940594e+01
3.451460930355565893e+01
3.354615877065847940e+01
3.363030848519443339e+01
3.314154502057807150e+01
3.343480501309676356e+01
3.306827700541078485e+01
3.305287881198913880e+01
3.308089516896459514e+01
3.290397755058516083e+01
3.287129341399737825e+01
3.283534609320023634e+01
3.280729198733633467e+01
3.279454430032995305e+01
3.288484910894288760e+01
3.274639957223377706e+01
3.309547715151720837e+01
3.271479646193994739e+01
3.278713533569983696e+01
3.306395184295315204e+01
3.276163099505154719e+01
3.281592492610297285e+01
3.270576418914117056e+01
3.269465635934442815e+01
3.268597784365541514e+01
3.289075217292845821e+01
3.266876265835230697e+01
3.274629413256904797e+01
3.273326285029521898e+01
3.257315743285185761e+01
3.278490545107604248e+01
3.263095810808754038e+01
3.277666226691985685e+01
3.275319651837494916e+01
3.267466246990390744e+01
3.263075978570334001e+01
3.271130994142178139e+01
3.285443211988567214e+01
3.270761552733171840e+01
3.266486355904839911e+01
3.263644105189309386e+01
3.256936593249979950e+01
3.268064415272118595e+01
3.269122050938177892e+01
3.277853839285410942e+01
3.258364250611571578e+01
3.266441396897646854e+01
3.269067943023787137e+01
3.262314364781314424e+01
3.274419075441528548e+01
3.268172393484007898e+01
3.267069834768592784e+01
3.258892232551153967e+01
3.288814722981192062e+01
3.279564323153374517e+01
3.266883613486993454e+01
3.277065315771879028e+01
3.265306278966175313e+01
3.275083177950538982e+01
3.283459050938511581e+01
3.268945626756541856e+01
3.281636828747816281e+01
3.283034092709532814e+01
3.289359102675492608e+01
3.280785934198054576e+01
3.280961546516620331e+01
3.283025175640876370e+01
3.283818515961169737e+01
3.265348140808450950e+01
3.277444153694370499e+01
3.280177082386433796e+01
3.293275999010884192e+01
3.267737474971360712e+01
3.264141426932899037e+01
3.259059842596845868e+01
3.263702702133044653e+01
3.287721753557953974e+01
3.265000443043733469e+01
3.264104914419508674e+01
3.278346997381662931e+01
3.285922156902848457e+01
3.258462676088292653e+01
3.263216566967589927e+01
3.269764550598943487e+01
3.272101966927982630e+01
3.281216945474410807e+01
3.276176692318657757e+01
3.286227556256830695e+01
3.264126978838663717e+01
3.271049444166605724e+01
3.285319103474807179e+01
3.270043022940269140e+01
3.268118504379661715e+01
3.293060790950374894e+01
3.269265684223378088e+01
3.295417971440375737e+01
3.279838461116508341e+01
3.270294851173245831e+01
3.274997320857799110e+01
3.285047193240563956e+01
3.265613934557573828e+01
3.281226755711519871e+01
3.271287001823720431e+01
3.290172898647022492e+01
3.260795416410536518e+01
3.278060483367160316e+01
3.276219582550032072e+01
3.270072943858675529e+01
3.259687862018619597e+01
3.281715297551431831e+01
3.262546924318440489e+01
3.291360959951270360e+01
3.273127983759065529e+01
3.286108924480729598e+01
3.285948669743594763e+01
3.265661449152300122e+01
3.278491357853197030e+01
3.286868123630192429e+01
3.278546525387505284e+01
3.269235742959810409e+01
3.279559486346753516e+01
3.260981903150482708e+01
3.268308636410763057e+01
3.265110920959029528e+01
3.283315045254682474e+01
3.286561028329266065e+01
3.290151519107403999e+01
3.267626345924080766e+01
3.283424171407395420e+01
3.274079402170334419e+01
3.284603992259842897e+01
3.265684967682803830e+01
3.271713167308070069e+01
3.263572180749888219e+01
3.271242959725836386e+01
3.300319395572643089e+01
3.286593400497604733e+01
3.268765619821669333e+01
3.269439228651349083e+01
3.280414668521024879e+01
3.267461913149902131e+01
3.286726799594825366e+01
3.274659399013975758e+01
3.277916015986443199e+01
3.282401403930746397e+01
3.259579506499381552e+01
3.274639630533682322e+01
3.282869721090933979e+01
3.279599475890795190e+01
3.288168142864503807e+01
3.273651131575064710e+01
3.278255412227733956e+01
3.276282671609821051e+01
3.270595312305366065e+01
3.262975318139930891e+01
3.263579905607155496e+01
3.272501746271944256e+01
3.268722680699868732e+01
3.268968668375633513e+01
3.296527762219966462e+01
3.273242784077273626e+01
3.276886274906484431e+01
3.278538899142669294e+01
3.286336709485747321e+01
3.271583534446835984e+01
3.270862294632456724e+01
3.264988629709909418e+01
3.276977612873690049e+01
3.264335282271891714e+01
3.283982398602080366e+01
3.273460426579365645e+01
3.305452739587185818e+01
3.272686719433512081e+01
3.313295623892179975e+01
3.287767848280127225e+01
3.251114852664409227e+01
3.272556879830300858e+01
3.292864101774910068e+01
3.278626440637635397e+01
3.294487273156756402e+01
3.270113354337038203e+01
3.285086166839592892e+01
3.300312101186089109e+01
3.277867159371459849e+01
3.283964523087809795e+01
3.298834821652315696e+01
3.271760737193314839e+01
3.304527794599062673e+01
3.270495900991908655e+01
3.281803502123518257e+01
3.270548196907692073e+01
3.265059721356752220e+01
3.279900718111370139e+01
3.282538199264041623e+01
3.274619499335505424e+01
3.296309842173559446e+01
3.264673909624391968e+01
3.270349401702908665e+01
3.286253706832680166e+01
3.296209625758798012e+01
3.290656200049014046e+01
3.318371244482393223e+01
3.264500975981641773e+01
3.270690572981563804e+01
3.272265677504299930e+01
3.269419499796266848e+01
3.294997589548428607e+01
3.293343711939205321e+01
3.290720991489774150e+01
3.267153765585593561e+01
3.274513588080702675e+01
3.271188440006719844e+01
3.277593303058093710e+01
3.280120201420413650e+01
3.262188577105995790e+01
3.272561910234582427e+01
3.292322103191464322e+01
3.313486122903914577e+01
3.292876377343178262e+01
3.314201786248463577e+01
3.286736392073377289e+01
3.286844164202137364e+01
3.305013464869301032e+01
3.276185484938731918e+01
3.277353552388372293e+01
3.289124394684066743e+01
3.276967473345322190e+01
3.300597465079778914e+01
3.259740618532357814e+01
3.256527788334409479e+01
3.277080271436577164e+01
3.287453354722833865e+01
3.280274596403189236e+01
3.303152818190781659e+01
3.279434292431135134e+01
3.299577353422406389e+01
3.283989813721138518e+01
3.288809294409519168e+01
3.316408830408868624e+01
3.293595178580023486e+01
3.275206213931331689e+01
3.275261171624398315e+01
3.287762096773652587e+01
3.278316848612881529e+01
3.284858838060689834e+01
3.266672914701312180e+01
3.319377108336810522e+01
3.280781323618976586e+01
3.290991517422087043e+01
3.326113289917736182e+01
3.292081924847555285e+01
3.273897753454095749e+01
3.378010944271311189e+01
3.281742738538869020e+01
3.418799578038907327e+01
3.282838812622048863e+01
3.280427871748238289e+01
3.273716645637067302e+01
3.286136104885770948e+01
3.305201895539061496e+01
3.276175439399526113e+01
3.281782020352602558e+01
3.286751736278747416e+01
3.278407103695001013e+01
3.300573736608946263e+01
3.275374591051706119e+01
3.390314628526011376e+01
3.318091096480132762e+01
3.289415728104605563e+01
3.266627355471049299e+01
3.280789374882017739e+01
3.296909672232538213e+01
3.309834319696486205e+01
3.303242162587335429e+01
3.310192431861930373e+01
3.279948503666057036e+01
3.304324430204309238e+01
3.323425725842342615e+01
3.375040424534487471e+01
3.292097915217989623e+01
3.288015707169083868e+01
3.449251181706331693e+01
3.280468477295539742e+01
3.289668331832691450e+01
3.556849768475535001e+01
3.289771047286494365e+01
3.325157764607226341e+01
3.330502919975988618e+01
3.275937355352313318e+01
3.371382854963920295e+01
3.390052417600639245e+01
3.268879649593917947e+01
3.307049754124334839e+01
3.518620817708459469e+01
3.307623382797900291e+01
3.583553233009884309e+01
3.314736852319163773e+01
3.302447347983058989e+01
3.399150810781555521e+01
3.299074012266488864e+01
3.356407608742850357e+01
3.582941946559156321e+01
3.412355699517127761e+01
3.335193656843741650e+01
3.321095281631439633e+01
3.302905057387361154e+01
3.545357511575202381e+01
3.272630955056524016e+01
3.304796805760170741e+01
3.292975961715112021e+01
3.293065516778317914e+01
3.298468362279746202e+01
3.294282774403284719e+01
3.340927891535421423e+01
3.315724125798291766e+01
3.695637826126151992e+01
3.298088651989091602e+01
3.292292102287736100e+01
3.298651534819447306e+01
3.299031971493289461e+01
3.308786372218737881e+01
3.684782852234206274e+01
3.309342527423892477e+01
3.308802045889331822e+01
3.332988518493441177e+01
3.340271941653573151e+01
3.291789916779091385e+01
3.338256611886764347e+01
3.332452096185424750e+01
3.695941316687116540e+01
3.656352379605548464e+01
3.307011200080724223e+01
3.302365740482394330e+01
3.323383599683277367e+01
3.327661458445490439e+01
3.282654395458680341e+01
3.705039938705370162e+01
3.421734445576953476e+01
3.322644435425168297e+01
3.314215726244952975e+01
3.351696426053094058e+01
3.315044485380528982e+01
3.386557122745838910e+01
3.748661399813533279e+01
3.307572569510410432e+01
3.406779864894633647e+01
3.300456674212038166e+01
3.391983846654546397e+01
3.336568920553860096e+01
3.351221813835596208e+01
3.348061829131278699e+01
3.715202732408706510e+01
3.405714575192191518e+01
3.278223733014191765e+01
3.390870008623409149e+01
3.336158901845814739e+01
3.335830991326329809e+01
3.431411878267446980e+01
3.326875829575570975e+01
3.741464680911529683e+01
3.391738289263688699e+01
3.317040936093069092e+01
3.833728910923903754e+01
3.323957582711560832e+01
3.394112595745507122e+01
3.322413784252289304e+01
3.336326037559897628e+01
3.421676930109621395e+01
3.421152919825392758e+01
3.317716183239034677e+01
3.469484802212014074e+01
3.290813484534636046e+01
3.341230732485504973e+01
3.331469146292626249e+01
3.342105825226826710e+01
3.346862281605821465e+01
3.326796605489526115e+01
3.359862547680447875e+01
3.339683009252790669e+01
3.357935079040979787e+01
3.813755641022618903e+01
3.418356313947978009e+01
3.320553284034738084e+01
3.858597933367125421e+01
3.438584459919326974e+01
3.435117094806145133e+01
3.339954894021674647e+01
3.776228776616333960e+01
3.433572033170879223e+01
3.411623583719106279e+01
3.415206653108376145e+01
3.841470846986467080e+01
3.444866136283742719e+01
3.830459501635083086e+01
3.451851939238676437e+01
3.323721395968578918e+01
3.461354233676507164e+01
3.425348557952039386e+01
3.354863892124932789e+01
3.400471796762468557e+01
3.331370220726540765e+01
3.502431874573218806e+01
3.364067019765486322e+01
3.793999433497722151e+01
3.442090369125228477e+01
3.824060298578400108e+01
3.433806113850529584e+01
3.445686346163529379e+01
3.396125727292952234e+01
3.871463201385893882e+01
3.451144112331682834e+01
3.430878613570678226e+01
3.867358439958399430e+01
3.440787499556643780e+01
3.843876549457588254e+01
3.462835185359008960e+01
3.427957076918338686e+01
3.436252473008459418e+01
3.860038980519874485e+01
3.447510704483792665e+01
3.434421010360978954e+01
3.466780353007789728e+01
3.826482269701213568e+01
3.842124195071816928e+01
3.441745978499400849e+01
3.422614264037412113e+01
3.770113330263524176e+01
3.454198862196346909e+01
3.894044033426787621e+01
3.860367216845513383e+01
3.768901152189451409e+01
3.459868333954768360e+01
3.438903219048957283e+01
3.458102511802679402e+01
3.480868261536044628e+01
3.783728572148491054e+01
3.877034141072238072e+01
3.454665728114815693e+01
3.430460730436869454e+01
3.438342435545682463e+01
3.879348836817904811e+01
3.963021361348032201e+01
3.424624483757173010e+01
3.943697102632176410e+01
3.874626245625015741e+01
3.871870774014105621e+01
3.437533530296260409e+01
3.421813702275210289e+01
3.452421680062787601e+01
3.965503840272654656e+01
3.925826166339124512e+01
3.834099157465350771e+01
3.489738127710877080e+01
3.929124487556347844e+01
3.463530615786649491e+01
3.422297869670313730e+01
3.441100111238501569e+01
3.448755439386143706e+01
3.989887204462372239e+01
3.455406938033311093e+01
3.432703150149277604e+01
3.465485345816780693e+01
3.922361839095569280e+01
3.410023423086008165e+01
3.974550477421833961e+01
3.467783476350593475e+01
3.999832784411849218e+01
3.434005490968998231e+01
3.470862582516716799e+01
3.919928109604051514e+01
4.001018079350532730e+01
3.459656599899358298e+01
3.435085059050478407e+01
3.934448360899484243e+01
3.452872927914837931e+01
4.021210653365424292e+01
3.478991590001425038e+01
3.459809973765304392e+01
4.026685690720618993e+01
3.959813938074378115e+01
3.958923418497718671e+01
3.526955007330436587e+01
3.439172305272460761e+01
3.928589153260474376e+01
3.908914718669701927e+01
3.438736799138499123e+01
3.484790806512631889e+01
3.511081950080978231e+01
3.429925731683234602e+01
4.000220428658505512e+01
3.976101479427023833e+01
3.444708206591129596e+01
3.942749615483254644e+01
3.486630847950257106e+01
4.023885864262213374e+01
3.496927144126941300e+01
3.457014534108658665e+01
3.520075156409763650e+01
3.461944867645936341e+01
4.044451470439713603e+01
3.991119877693053297e+01
4.025060409520965266e+01
3.478893780193467933e+01
3.469664587301525671e+01
4.145354522205160208e+01
3.456324598314582630e+01
3.445882548136432888e+01
4.069661138550895174e+01
3.457514755127983364e+01
3.524884167304391980e+01
3.430861374999542335e+01
4.096967645813398207e+01
4.126407155416838890e+01
3.478262382011029530e+01
3.418563941761629366e+01
4.172796580703056435e+01
3.471458729384512765e+01
3.458009369818891088e+01
3.488465530311400897e+01
4.064055680570918128e+01
3.466347612190161698e+01
4.071949260106359247e+01
3.449538220005752720e+01
4.208463720687356613e+01
3.464318086020146836e+01
4.173269927975084670e+01
3.494046128893506165e+01
3.483196663640649859e+01
3.524692558747651105e+01
3.518732664207336569e+01
4.106981650350361690e+01
3.468897887313207207e+01
3.456476772440478840e+01
3.436122595585263895e+01
4.199249050802070116e+01
4.156161341677734100e+01
3.474728014335337889e+01
3.471047246383005103e+01
4.150341087239998927e+01
4.075899624995129500e+01
4.026645281571631330e+01
3.525161661369907051e+01
4.142431545872095455e+01
3.517245142267411495e+01
4.274221980477705074e+01
4.125252102476246563e+01
4.100725478409436420e+01
3.479006629417693119e+01
3.441534495070813904e+01
3.498112691330543811e+01
4.209744204879550011e+01
4.063804645225557266e+01
4.178413865538496452e+01
4.140466979337698206e+01
4.115914687348240619e+01
4.134659864387150208e+01
4.175479792817193925e+01
4.146454115239065885e+01
3.504714504686202048e+01
4.254691589632994919e+01
3.520228475076773123e+01
4.233754108748261302e+01
3.566501346804790984e+01
4.227675517693459284e+01
3.471235376358533387e+01
4.217947619742337650e+01
3.584572989398809995e+01
4.311829533895767241e+01
4.117383338867914233e+01
3.494658945874163436e+01
3.467610761725424595e+01
3.451588926399126933e+01
4.321656644737048225e+01
4.178986893084328358e+01
3.521993469932193221e+01
4.297403573108433505e+01
3.502740475685769184e+01
3.481747978459024750e+01
4.292060228042780778e+01
3.573169726840410476e+01
4.210413638206486553e+01
4.225557908855715539e+01
3.510736322650415531e+01
4.365726661805049957e+01
3.557743395838102174e+01
3.465182844886415836e+01
4.344260330980300466e+01
3.526171396394145319e+01
3.467702425802131927e+01
3.555685082732330216e+01
3.474500567628904690e+01
3.496889508224218446e+01
4.380343630089677021e+01
4.334018072584835579e+01
3.516257113964221759e+01
3.482032929145446332e+01
4.432857783024672926e+01
3.517565909537202629e+01
3.480899734813674939e+01
3.511665228099398917e+01
3.503947279521978686e+01
4.389624022867932496e+01
3.556016765756560005e+01
4.287571677183013463e+01
4.248411822639025104e+01
4.298044888211475012e+01
3.512760615056816249e+01
3.498414696474954866e+01
3.453787332531218368e+01
3.453875719812394607e+01
3.471407696060132508e+01
3.537783173443014562e+01
3.485289761090314897e+01
4.492831943433254338e+01
4.304023975483059417e+01
3.553744593639759586e+01
4.422367166688774631e+01
4.276377399979660510e+01
4.251421000429152031e+01
4.311843009282343786e+01
3.592036284825967840e+01
4.360819782781603493e+01
3.499597144427477957e+01
4.424298842111738850e+01
4.403708208626714082e+01
3.485265670309944142e+01
4.507965475724957827e+01
3.526485860203430178e+01
3.534493901060884014e+01
4.402353609249507826e+01
3.523668828216167981e+01
4.373674720138424021e+01
4.422235217353664893e+01
4.286699189932039644e+01
4.354577126116495833e+01
3.558450322234555330e+01
3.502402411062768550e+01
4.542423948956798085e+01
4.359569963111344748e+01
4.310631127953428887e+01
3.527102656429438099e+01
4.460879958530259159e+01
4.347533030120800390e+01
3.534151511638616228e+01
3.506024699814629741e+01
3.531331591208045495e+01
3.481502931455909788e+01
3.501158859185699868e+01
4.513474787750460138e+01
4.414363263721208597e+01
4.372546669881960923e+01
4.318941493069616655e+01
3.504774446005578881e+01
4.530235880860526976e+01
4.345486622401544707e+01
3.505372677353443578e+01
4.441120537241709343e+01
4.407005247549851390e+01
4.410891543999996145e+01
4.364903636427646916e+01
3.521540452523576903e+01
4.484203098302492663e+01
3.559182321155241624e+01
3.524949836672187331e+01
3.492032887661428475e+01
4.536195050201102674e+01
4.329792628497604312e+01
4.425741969446430346e+01
3.537127908127536102e+01
3.501805262923502937e+01
4.469891444177584816e+01
3.547900295548433292e+01
3.586080330214489464e+01
3.617635247137772581e+01
3.548954946815199207e+01
4.597847004777165836e+01
3.566122265566848171e+01
3.513678893555015748e+01
4.582040312337235122e+01
4.448774269056146835e+01
4.472155497658438605e+01
4.449336445741565882e+01
3.592640412128154281e+01
4.586384845583877734e+01
3.537628602300651437e+01
4.479616501321051913e+01
3.592733151792510427e+01
4.455405900890909976e+01
3.545412496448182083e+01
3.621234794149479086e+01
4.549063373794257359e+01
4.368397787313816849e+01
4.437232417801219952e+01
4.382670721769748923e+01
3.565650087530118384e+01
4.498826462977014984e+01
3.609299245470938189e+01
3.564276723970273508e+01
3.872074801675426414e+01
4.308522642200769326e+01
3.538716373662725090e+01
3.626495263064951757e+01
4.556724880591809779e+01
4.486198563433504205e+01
3.491493294663119684e+01
4.597766077985554034e+01
4.433987724135183583e+01
4.480599208701806901e+01
4.460108286972576508e+01
4.502267937874411530e+01
3.544071796296655208e+01
4.442717759933924526e+01
3.558017372881858620e+01
4.568401934516012375e+01
4.448404269267350486e+01
4.426361463175162925e+01
4.457949550535143857e+01
3.509226726639514737e+01
3.665568324795290778e+01
3.909557206692230125e+01
3.515580167042408988e+01
4.607281354811753005e+01
3.537694939076924783e+01
4.509852208882806224e+01
3.559332217405912502e+01
3.808856060747618244e+01
3.507069071128992022e+01
4.549780939007845149e+01
4.490201969032361973e+01
4.591367505545974836e+01
4.527882811107663485e+01
4.389114095032828544e+01
4.581576150489038923e+01
4.437194555547370101e+01
3.529246923803911784e+01
3.908990966843125392e+01
4.576979412217524157e+01
4.418915126513752512e+01
3.528172444789864670e+01
4.457644400355835046e+01
4.395633345959002725e+01
4.522519958478530810e+01
4.317324376248831896e+01
4.558232768288478809e+01
4.380650889736695319e+01
4.537511032285832613e+01
4.444365643553009448e+01
4.437136284784266138e+01
4.423348468225044883e+01
3.535851685022624480e+01
4.530342639840806385e+01
3.519226314846034143e+01
4.516341088681674876e+01
4.393183520821146004e+01
4.351458841017481660e+01
4.443445023550739137e+01
4.499484089659556929e+01
3.501578715778676809e+01
4.500302572384327249e+01
4.592278528921656289e+01
4.508709657972126195e+01
3.524847420727368075e+01
4.603274827016014115e+01
4.397874007427171961e+01
4.468909440153342416e+01
4.409218463123456644e+01
4.453751393155674521e+01
4.496575452819250529e+01
4.399571112286894703e+01
4.476162982811663937e+01
4.527043335728045292e+01
4.548826273643184948e+01
4.512194307920173486e+01
4.476063492263894972e+01
4.638336876360521188e+01
3.477809725737394331e+01
4.494189058914792412e+01
4.535782416336918033e+01
4.465154099237868479e+01
3.500277608209175639e+01
4.430681253393191810e+01
4.469788819427592585e+01
3.481267400794465772e+01
4.543749596129514146e+01
3.486101423940399258e+01
4.615306590569387168e+01
4.420008487718781964e+01
3.462609531854476330e+01
4.005986069895841695e+01
4.447730866472021205e+01
4.448485757620884584e+01
3.451791402864446923e+01
4.540767391010534482e+01
4.441707357804835965e+01
4.523121396029097241e+01
3.446543509135950245e+01
4.592494219579549508e+01
4.469170688403291081e+01
4.512424811879668596e+01
4.458590110402252549e+01
4.502280222235788898e+01
4.392828150247843411e+01
4.598366604027244620e+01
4.502227780044395189e+01
3.510997870065374116e+01
4.521526560285024487e+01
4.392089842877115302e+01
4.484126834234159986e+01
4.442248343415119649e+01
4.555543160129597879e+01
4.482896949380407392e+01
4.531140082741671904e+01
4.572478654175937862e+01
4.466677291884402479e+01
4.478305824556605330e+01
4.514950670987925463e+01
4.480075743652245990e+01
4.565005545856401170e+01
4.402056408605510995e+01
4.489974803312887985e+01
4.573124081227463478e+01
4.546577870673873889e+01
4.561186849061650861e+01
4.461346264073192458e+01
4.529666499729083995e+01
4.363105447781168778e+01
4.447925923231846213e+01
4.581264969130580056e+01
4.446056781156529070e+01
4.504453009022052612e+01
4.570876601481906931e+01
4.612219596777095632e+01
3.521827205766221880e+01
4.561594258977210359e+01
4.525323212276556717e+01
4.478362150955158683e+01
4.476077360760355361e+01
4.461111783241864970e+01
4.490401020456003778e+01
4.456039987686834536e+01
4.395560359955050700e+01
4.475472570957872165e+01
4.527587782429725394e+01
4.558389335735962078e+01
4.517353417517801972e+01
4.412468453073190489e+01
4.519401157819651615e+01
4.465291525503497638e+01
4.420137759280896717e+01
4.532320333021903025e+01
4.462582612965110229e+01
4.533166450491142285e+01
4.443402927527071711e+01
4.558860601713814731e+01
3.633672029733995146e+01
4.457822360082352020e+01
4.494540579804495195e+01
4.439430908910987483e+01
4.454196400882279505e+01
4.470222875823715469e+01
4.442114037661072956e+01
4.475267535144327269e+01
4.484801496805158649e+01
4.462897515637869361e+01
4.477682046853755082e+01
4.506967790768981530e+01
4.483309132158478860e+01
4.401104697496936780e+01
4.425369247420385932e+01
4.583462271169233304e+01
4.487666837045389912e+01
4.505378344202797081e+01
4.505544115324108390e+01
4.485466885950947358e+01
4.494576352703237632e+01
4.572802407971276750e+01
4.501693122241807288e+01
4.480124160180050552e+01
4.503843454274625913e+01
4.393652372724994848e+01
3.816016132597105326e+01
4.353986290941880100e+01
3.844685999518819131e+01
4.526620496035412344e+01
4.527417693993552916e+01
4.483836661145591052e+01
4.419585771647349048e+01
4.506117090587083140e+01
4.458198246915485896e+01
4.460386619737288072e+01
4.445290789773601858e+01
4.386295229844072452e+01
4.487655007907596882e+01
4.400731015561218840e+01
4.541766951873826486e+01
4.494932558350164697e+01
4.388333512671667336e+01
4.466258816127490405e+01
4.468645265289258361e+01
4.494155297328334342e+01
4.463863135926495573e+01
4.518364418578526198e+01
4.386987524694963980e+01
4.384945796367411930e+01
4.507175980639487278e+01
4.425780610522505043e+01
4.400847542131975132e+01
4.414654897166574443e+01
4.425511308395799404e+01
4.413359178610323141e+01
4.486482944317576482e+01
4.526150294636377680e+01
4.431897417400562489e+01
4.478406669475202051e+01
4.476846106807204961e+01
4.447043228654110436e+01
4.451925890453145485e+01
4.491711878019156501e+01
4.442539941875402576e+01
4.489344534119909014e+01
4.448124816924897118e+01
4.541272350897529009e+01
4.437905907565679087e+01
4.011203216697521157e+01
4.375230484563349620e+01
4.423162587680005231e+01
4.434312123737274902e+01
4.351743966086333160e+01
4.464502042032331985e+01
4.396284116835337130e+01
4.377633035580145560e+01
4.467247889946369810e+01
4.462002566741865195e+01
4.479942391773045074e+01
4.407424326785741187e+01
4.324289897112614511e+01
4.485279969185911142e+01
4.473031780625614573e+01
4.427200397487890626e+01
4.514814516186642379e+01
4.414221014686935973e+01
4.465320549630651215e+01
4.370926540641547575e+01
4.484182521550462752e+01
4.431061369201601252e+01
4.420284993397400086e+01
4.429071366250121145e+01
4.422664089759793882e+01
4.480472804004057252e+01
4.385704806763769170e+01
4.385400340183256418e+01
4.473252137124057271e+01
4.372062261732830990e+01
4.442521042732685999e+01
4.475303063868810938e+01
4.451331022874658316e+01
4.407716474039076360e+01
4.510948116736788194e+01
4.372526706230767246e+01
4.423042240145028359e+01
4.383098108609314636e+01
4.409345543568291959e+01
4.430866067312567225e+01
4.434647896023049185e+01
4.424859569997898490e+01
4.460076968236905515e+01
4.368027125314862502e+01
4.332817862789037378e+01
4.456413090315938064e+01
4.378413510542792153e+01
4.382190463385104806e+01
3.977860310438870783e+01
4.431550450960868659e+01
4.444181634462861297e+01
4.470890982602550423e+01
4.388023237523866271e+01
4.464942990535080725e+01
4.440062881464235289e+01
4.419031982511954482e+01
4.428618885586558918e+01
4.488453239881892642e+01
4.366961679584224498e+01
4.329203459693044920e+01
4.407260702794187068e+01
4.403514313422808613e+01
4.323870595627562352e+01
4.400774871752207673e+01
4.329790270201366553e+01
4.355031961380722549e+01
4.427735063625453904e+01
4.180830943331962857e+01
4.416138409844545976e+01
4.379056778474816269e+01
4.330434795881265586e+01
4.387252331486934054e+01
4.351993577983388661e+01
4.070736511892559406e+01
4.321769053668775484e+01
4.414366742206961902e+01
4.321998787823198995e+01
4.372522802662481212e+01
4.330170443737068098e+01
4.386763289502177798e+01
4.339524185819745128e+01
4.412667560768867503e+01
4.332570220647158266e+01
4.284577488956196589e+01
4.423262263602739353e+01
4.427698302632158800e+01
4.352124805565031807e+01
4.347935083905402109e+01
4.284094581056911011e+01
4.376715520943050564e+01
4.365398539060049643e+01
4.281149825542073728e+01
4.427238154938918768e+01
4.315143110898053180e+01
4.310947353104113944e+01
4.300197899519697131e+01
4.351871961502756392e+01
4.382664795708551253e+01
4.318573860389189178e+01
4.322945141150790249e+01
4.286269943349198286e+01
4.304855199066187055e+01
4.258782494577955902e+01
4.322914535705151451e+01
4.409308859145242820e+01
4.383944263116838869e+01
4.333033225040175296e+01
4.321528469147239804e+01
4.301708840462139705e+01
4.309162832095162088e+01
4.267816617476665897e+01
4.339071321839781348e+01
4.372364383920062636e+01
4.298046996314293722e+01
4.389413998052950205e+01
4.344159993265554931e+01
4.276828342733475097e+01
4.327263971516818941e+01
4.344822982192081895e+01
4.287987260800336031e+01
4.339185125400519638e+01
4.293699685279226941e+01
4.303897427767068251e+01
4.301960674822450414e+01
4.389704321962475575e+01
4.384359539684005114e+01
4.345929632541190557e+01
4.220185086632159255e+01
4.319383694196291401e+01
4.291945756080953345e+01
4.287110399249473858e+01
4.279601108005634558e+01
4.354896341887507560e+01
4.248391117806830408e+01
4.287230940632843357e+01
4.242266530982601580e+01
4.188580266008216313e+01
4.284128413395445278e+01
4.272643053955447812e+01
4.259985699898300737e+01
4.289692116897695939e+01
4.219916978901109417e+01
4.254545563164542443e+01
4.292034583133769132e+01
4.253012204547731301e+01
4.271541534566063802e+01
4.268666401340745864e+01
4.328010849422268080e+01
4.282195189666781232e+01
4.274929271279614085e+01
4.228179107963015326e+01
4.329534196890568154e+01
4.283973946111914444e+01
4.296372413527569023e+01
4.289391794899064081e+01
4.267263287585908671e+01
4.197056870397078399e+01
4.211510206088903630e+01
4.200683170020671042e+01
4.281567220419508146e+01
4.289794162225621932e+01
4.207552207487005091e+01
4.243266405960785193e+01
4.240682687930085848e+01
4.203969302009014086e+01
4.255368753508866320e+01
4.306178609497465004e+01
4.287809907198985826e+01
4.248281368277206838e+01
4.235329807731810092e+01
4.307135158137868558e+01
4.264688791612738328e+01
4.193231803064012553e+01
4.298111821193955251e+01
4.215242868528282827e+01
4.300644831699339932e+01
4.223027217119558685e+01
4.284585987906098126e+01
4.243818506340290497e+01
4.233621033665855293e+01
4.165379456101254618e+01
4.255726091001225342e+01
4.183777071131646608e+01
4.176365959731558064e+01
4.257693207763112042e+01
4.237185950113965305e+01
4.191870933872854721e+01
4.214663099926752921e+01
4.282220910464156560e+01
4.189014059480318508e+01
4.206911815940882349e+01
4.208074590191902331e+01
4.176858456200580605e+01
4.140843668491602614e+01
4.159505172262763040e+01
4.262652996351975787e+01
4.268213521202722660e+01
4.234905400866594505e+01
4.208629165388935434e+01
4.217866370917914765e+01
4.173531123547230237e+01
4.179289244159225092e+01
4.172779641357314517e+01
4.128058783719085056e+01
4.262776868569201838e+01
4.152511019291550554e+01
4.239546442477011112e+01
4.233006880255307891e+01
4.165068896164950729e+01
4.175551519360589481e+01
4.165817488414104730e+01
4.234483618505871760e+01
4.182693410775181064e+01
4.210808060791104879e+01
4.209411051827574113e+01
4.241916318811266251e+01
4.194351439610630194e+01
4.203450837356140113e+01
4.196514174052270363e+01
4.178291784522623686e+01
4.128117722999354555e+01
4.109695651308278741e+01
4.243823159418248281e+01
4.205641704099204503e+01
4.234293733315749364e+01
4.242827395867585238e+01
4.181554029688461327e+01
4.157727857118030101e+01
4.114116260049858909e+01
4.170950905873625914e+01
4.166965208803844689e+01
4.146863862001939793e+01
4.103800518828630572e+01
4.177237248941037251e+01
4.186938775960634729e+01
4.101425183517479667e+01
4.138730179936819553e+01
4.202280523725216455e+01
4.167789291927083184e+01
4.158020590487240042e+01
4.225517101541448284e+01
4.169455871408228376e+01
4.031081675446979062e+01
4.163840543148189965e+01
4.165028837545101936e+01
4.103170710527001575e+01
4.188295798800812264e+01
4.183300955320208914e+01
4.164797427090429238e+01
4.112904512275836311e+01
4.112937440174001580e+01
4.110519143477603166e+01
4.140397224424409472e+01
4.081189394833420181e+01
4.072401182225723204e+01
4.166622653253477182e+01
4.143023687650315878e+01
4.126689871074004401e+01
4.103988832008968046e+01
4.160557144773796523e+01
4.112483580002260197e+01
4.080925820069108312e+01
4.177124796261558259e+01
4.167836714013174060e+01
4.114510293407109742e+01
4.170827906884308334e+01
4.154015500042547160e+01
4.116660508694135956e+01
4.183421313345977666e+01
4.183973979842778590e+01
4.123922420756429830e+01
4.078784424101771577e+01
4.079096874616596580e+01
4.072859797608715127e+01
4.103335710673192693e+01
4.133035224640150318e+01
4.184722421924187330e+01
4.107969310500495652e+01
4.100282297072661208e+01
4.119285042796187923e+01
4.075904724760928133e+01
4.145628155299181827e+01
4.032442794830506472e+01
4.054129374304964983e+01
4.021149158629338416e+01
4.099687601283784488e+01
4.042019243604339351e+01
4.117655036120646628e+01
4.068810195685639286e+01
4.072429230962320901e+01
4.112933005748570991e+01
4.109010307187097766e+01
4.070848440931919043e+01
4.047527373452430766e+01
4.034338823966001542e+01
4.115368186758625058e+01
4.126268597346386002e+01
4.162225768812322002e+01
4.030221864164301593e+01
4.104882262211139476e+01
4.092700708017806477e+01
4.106262909378593662e+01
4.106107478535358268e+01
4.040674088018761978e+01
4.090288449048869523e+01
4.057919002644309359e+01
4.140982176787285596e+01
4.129644397688647217e+01
4.077073290390286786e+01
4.088442633359336753e+01
4.067926897483496873e+01
4.087899615294954003e+01
4.125275812603893399e+01
4.099255838986152867e+01
4.043520346606473481e+01
4.084930780532796035e+01
4.114643348544291257e+01
4.007589499979583536e+01
4.079939559716522268e+01
4.006947921835267579e+01
4.072356094541235194e+01
4.115840065335901699e+01
4.034129178268881333e+01
4.081615391887497424e+01
3.978575844856194976e+01
4.031596014998002175e+01
4.067796898438436415e+01
4.099795879925338227e+01
4.026476071208464447e+01
4.075257324728593034e+01
4.073244547867882659e+01
4.051341540519678119e+01
4.047713415034503015e+01
4.094416706763477265e+01
4.038332041817334073e+01
4.075014661612150491e+01
4.096657695437443891e+01
4.056250192256442233e+01
4.002277542646267960e+01
4.019002410227655986e+01
4.006398209956856959e+01
4.021752862084032643e+01
4.006711583079663797e+01
4.060134738404266130e+01
4.043180570679354702e+01
4.073610359569641304e+01
4.076806358559785082e+01
4.065174781021324435e+01
4.094569628457472987e+01
3.999732464231375673e+01
3.998985784025146017e+01
4.029353427572566915e+01
4.044545686296135045e+01
3.994821209387021099e+01
4.002857827054538831e+01
4.015196848657868856e+01
3.993338704487818802e+01
3.969436682093645885e+01
4.089833271537531800e+01
3.992391844452285454e+01
4.048859767141183141e+01
4.018796669426693313e+01
3.998039993361135203e+01
4.043404167499826229e+01
3.995156798978633361e+01
4.058251904725898385e+01
4.019579202559461351e+01
3.984740004260014956e+01
4.005547548394029889e+01
4.008916297951565610e+01
4.008181772872782034e+01
4.054379464614643069e+01
4.004677361964935045e+01
4.015311252241208706e+01
4.044074981190069451e+01
4.036973461871129842e+01
4.039403695072102352e+01
3.974774011809921603e+01
4.004643856840589677e+01
3.976144941214056416e+01
3.972472601880473775e+01
3.969007300517401404e+01
4.030874176643200002e+01
3.990016213152527058e+01
4.007627666060150062e+01
3.970895431612312620e+01
3.970085476044869921e+01
4.018135959677070446e+01
4.026697580025401635e+01
4.035985118307094410e+01
4.043835109040382036e+01
3.972269300291569039e+01
4.017906338649621034e+01
4.014117283169101569e+01
3.991479894185905408e+01
3.981834235351388429e+01
3.922507669563908195e+01
4.009132559732378098e+01
4.021182188772781529e+01
4.028953177666574703e+01
3.971203511669148867e+01
3.918931750265807068e+01
3.959585474213078271e+01
3.973625100253929787e+01
3.973552215495566742e+01
3.985218288779948637e+01
3.996872817253747456e+01
4.016560333883538192e+01
3.915288620370467498e+01
3.961321239669619132e+01
3.993024933705746804e+01
3.905134142159276678e+01
3.970524246291942916e+01
3.950434460424201433e+01
3.945121350395247362e+01
3.977008811976349989e+01
3.942280469590934189e+01
4.017573163324565400e+01
4.028603281287996651e+01
3.988520610715033143e+01
4.007101243175097238e+01
3.977904913668757558e+01
3.881655005240927636e+01
4.027580545751174412e+01
4.026129028655179809e+01
3.919303145479685213e+01
3.994329767286585309e+01
3.966721859695712737e+01
3.977456255373316196e+01
3.922459119324860666e+01
3.933966283491825067e+01
3.903965840004136822e+01
3.978215527245954775e+01
3.904129028046589411e+01
3.955221985952363895e+01
4.013039563550203326e+01
3.994955089076012200e+01
3.916993710323772149e+01
3.978606375069168877e+01
3.955231826014400554e+01
3.983911606657153470e+01
3.926950655266805512e+01
3.908169947788748999e+01
4.024418833520370242e+01
3.979415584500925718e+01
3.932238954711085910e+01
3.943101418204531683e+01
3.934093736546890341e+01
3.989206504102595829e+01
3.949898071346790829e+01
3.916035520265136682e+01
3.937131837939951851e+01
3.895184425346410961e+01
3.910814412140055651e+01
3.938644716558820136e+01
3.883292665225820173e+01
3.980855453030081037e+01
3.959112936140979855e+01
3.920213808487967100e+01
3.993061714544516150e+01
3.965118261337986638e+01
3.954249349591253093e+01
3.965815137444224092e+01
3.952725282521583239e+01
3.977630393960370014e+01
3.846712669446904442e+01
3.943325762774238541e+01
3.944363196513142356e+01
3.970390873054361691e+01
3.932077812847274600e+01
3.918171038566534037e+01
3.927014635054757008e+01
3.844858537508256546e+01
3.926191539222384819e+01
3.891754579320443241e+01
3.956076238398144795e+01
3.866540776486811382e+01
3.893266520111752982e+01
3.940676268145691097e+01
3.925564248005754564e+01
3.934988447886665597e+01
3.966816832926686232e+01
3.936795084171635040e+01
3.916789301680999102e+01
3.867972952599846082e+01
3.931398357103920205e+01
3.881865008318911237e+01
3.940311520565970937e+01
3.893944800746358226e+01
3.935851848849696921e+01
3.891376538474215607e+01
3.909009710055698861e+01
3.875359282937458261e+01
3.881447601733368913e+01
3.901621113519621531e+01
3.913893527810488848e+01
3.903475478618589278e+01
3.915333033837880095e+01
3.976789538588131023e+01
3.971113967849112925e+01
3.948326023022436715e+01
3.881839936272550062e+01
3.920764693348037611e+01
3.918334425916278008e+01
3.933102127874865772e+01
3.941117845098402483e+01
3.938775507305833656e+01
3.890893551041379794e+01
3.815330485760259194e+01
3.918825159441092154e+01
3.919974923289545643e+01
3.853682157476342951e+01
3.931397798591205373e+01
3.952780476930335141e+01
3.880737667969046356e+01
3.855174835017503199e+01
3.928620315136687680e+01
3.903571635145303986e+01
3.888920866369300455e+01
3.987485573785833992e+01
3.918750852964091536e+01
3.894083510514363411e+01
3.848001204231400152e+01
3.980735990747737674e+01
3.904235503984340028e+01
3.812586324125140180e+01
3.872908890904853507e+01
3.821144212411645924e+01
3.909881273694043813e+01
3.891126633851207828e+01
3.903391813483215600e+01
3.871692083528521522e+01
3.997901176334671902e+01
3.873112050335196699e+01
3.890720021247176419e+01
3.891469235550448502e+01
3.911608971219924058e+01
3.927601492310404296e+01
3.889325668571642325e+01
3.882569998112869314e+01
3.932639548538558216e+01
3.841189734916732590e+01
3.865785279056666468e+01
3.864983706026021792e+01
3.853824300619154997e+01
3.865169865628607226e+01
3.925971367038207660e+01
3.826967925158928807e+01
3.898309297999909262e+01
3.900037691967305165e+01
3.867864139282893632e+01
3.876289320677872041e+01
3.899681070129371108e+01
3.877796010968165064e+01
3.894225044985022777e+01
3.928136292084604975e+01
3.868681207720281634e+01
3.910914514821827481e+01
3.865182403023992208e+01
3.890977550754734438e+01
3.836748504010265748e+01
3.840422238446726766e+01
3.851421628800530073e+01
3.901448154459626494e+01
3.940663724901313714e+01
3.882366004072727605e+01
3.923017038427962433e+01
3.865087932907563584e+01
3.962472027825695164e+01
3.911120490051865062e+01
3.863251301426380735e+01
3.915795698994723040e+01
3.908897479708152645e+01
3.816121459143607098e+01
3.860133404201492624e+01
3.821967659110949000e+01
3.891703194981960223e+01
3.915546171702598599e+01
3.866089026592131006e+01
3.854638776848832293e+01
3.898967315928339872e+01
3.904029083504162401e+01
3.881507847510442843e+01
3.842852474571202492e+01
3.947173870101023851e+01
3.877921587065911524e+01
3.911597658482900641e+01
3.912192379029927025e+01
3.906223337677186436e+01
3.875323636722288256e+01
3.863099420859533950e+01
3.843521797798843664e+01
3.818104269308724241e+01
3.807237176829297454e+01
3.830865272111781650e+01
3.878201160760932709e+01
3.862373434413908768e+01
3.853389428054274646e+01
3.809385328022082007e+01
3.814325488152648091e+01
3.821009236952991017e+01
3.873258830621829674e+01
3.865421335770408717e+01
3.852413223320786528e+01
3.885023326009980593e+01
3.851155795325231423e+01
3.831651844160585085e+01
3.814353180652006614e+01
3.864514914301827275e+01
3.847670079404378640e+01
3.813249783489739286e+01
3.861808934406430893e+01
3.878849251622553851e+01
3.827459347799683798e+01
3.916694553744292762e+01
3.880297413866755818e+01
3.842737490572841352e+01
3.896553459035919076e+01
3.826961528087478825e+01
3.831790143587584652e+01
3.825794656524978166e+01
3.818578937087957570e+01
3.817741482294188415e+01
3.827664996020635613e+01
3.869099300313737899e+01
3.857161276574236553e+01
3.872400770338474274e+01
3.884093001489316066e+01
3.839998062104525189e+01
3.809040904014582907e+01
3.762728823223842767e+01
3.840396505026371443e+01
3.836940835273917116e+01
3.815775864324869815e+01
3.806505625815074723e+01
3.814667854064621366e+01
3.880028560368305079e+01
3.859970622668046047e+01
3.807375586489828123e+01
3.765076576274364584e+01
3.828717976600745487e+01
3.805311462394499955e+01
3.854112784333623409e+01
3.890122682823553646e+01
3.814460991350967589e+01
3.847742777492297250e+01
3.850537046842685385e+01
3.849342333130957172e+01
3.772551020086320506e+01
3.811584287644594582e+01
3.823557415829306194e+01
3.777519225537859171e+01
3.855973114691405357e+01
3.851533730378042719e+01
3.825161560036665520e+01
3.786308822466532575e+01
3.870240296251757428e+01
3.869709280018705044e+01
3.807521622147739748e+01
3.797591899590717901e+01
3.788940853447292767e+01
3.805928727927169319e+01
3.872705017904409885e+01
3.787700773650600894e+01
3.860063652170808268e+01
3.788521785818389276e+01
3.824103886325681145e+01
3.818198857693113979e+01
3.746958684125346650e+01
3.798137749194209078e+01
3.790482732377456188e+01
3.830109061613369903e+01
3.872379596657114575e+01
3.764132262370939941e+01
3.830455947968402342e+01
3.824934901339676685e+01
3.845504928033103198e+01
3.793041174313516706e+01
3.833009486694042067e+01
3.922807870691974585e+01
3.833462965980079673e+01
3.883595589201433285e+01
3.873746429339272623e+01
3.886904153828252362e+01
3.854841332838334012e+01
3.840458063467238503e+01
3.832408684710646440e+01
3.849771547517836012e+01
3.829649975748042579e+01
3.852017822542237724e+01
3.834802353218163518e+01
3.843332033329816255e+01
3.803845251459400600e+01
3.813101662661795643e+01
3.807521178395346340e+01
3.814732711393119047e+01
3.793132993218191018e+01
3.824800291096573090e+01
3.837530159568018462e+01
3.794514054135034087e+01
3.864748302656993673e+01
3.844932662552672298e+01
3.828777718529286034e+01
3.824829370435386267e+01
3.803532323776362745e+01
3.804011995248385603e+01
3.806127125039900960e+01
3.805553418057932191e+01
3.857124706050491625e+01
3.822035316173011665e+01
3.828121034283427804e+01
3.793567729328483296e+01
3.848519924918176116e+01
3.780842531985302202e+01
3.820028072716493028e+01
3.830150630369582387e+01
3.835231657270033168e+01
3.830466977674270623e+01
3.771912729966540212e+01
3.807729285370645300e+01
3.854118620084707914e+01
3.826393959322836480e+01
3.843666014674402476e+01
3.795914481798339324e+01
3.799756715977198951e+01
3.783375190037505575e+01
3.814333435986446830e+01
3.786701982564029834e+01
3.799347555272706245e+01
3.836357389162009923e+01
3.828483194219793262e+01
3.777247520821300952e+01
3.822179870414469605e+01
3.835240485632887442e+01
3.819416450463666735e+01
3.737354714240380815e+01
3.799611339492304296e+01
3.780630820251138147e+01
3.856629836697290870e+01
3.854227467049469880e+01
3.777922913108182001e+01
3.834581510025805073e+01
3.803084122745988083e+01
3.853238276898146353e+01
3.813611352507213326e+01
3.813305459744035630e+01
3.873310166615930683e+01
3.792738996826363262e+01
3.884176121662050463e+01
3.790060031094051851e+01
3.808466807522999886e+01
3.796505174862222987e+01
3.756328445612855660e+01
3.774524251661393492e+01
3.839777743247757513e+01
3.830841140919573462e+01
3.863510010889805102e+01
3.777763608493211933e+01
3.757164143760837760e+01
3.772839513127157574e+01
3.774681927864074993e+01
3.756679030118041851e+01
3.761317136796800753e+01
3.806116674356160701e+01
3.748716963282058856e+01
3.777164610070013850e+01
3.790249941257140875e+01
3.769857903658137133e+01
3.780603545610041039e+01
3.823555181548572079e+01
3.827917123274446709e+01
3.834213403390398156e+01
3.813729266746361901e+01
3.764636885851398773e+01
3.753688206788813631e+01
3.774198467806895962e+01
3.729229375164114657e+01
3.758034900052235372e+01
3.761496856933961652e+01
3.718280071392491948e+01
3.770841605078705783e+01
3.787351503426550892e+01
3.840663212724324893e+01
3.813030699868509288e+01
3.719260592586942948e+01
3.834602055536050358e+01
3.750588157129618594e+01
3.831532668175662337e+01
3.761583879660584273e+01
3.801842721755120635e+01
3.779172835090720639e+01
3.817204642167757811e+01
3.756757512546587208e+01
3.751802744121018662e+01
3.770429080633847008e+01
3.825182089934748575e+01
3.792438220656720915e+01
3.809810459816461048e+01
3.822969982292035951e+01
3.803831677851996318e+01
3.801652818275529455e+01
3.807362511399343674e+01
3.814778259458358889e+01
3.733631812139685024e+01
3.770565671352116510e+01
3.790859831885914133e+01
3.827780683866580347e+01
3.717515036688674002e+01
3.826968307044960227e+01
3.741183054569823696e+01
3.815778062094069867e+01
3.817081130670315758e+01
3.757850697242103877e+01
3.831354662744794126e+01
3.769836433902931105e+01
3.729318384791028507e+01
3.795920079971336492e+01
3.782323052184874967e+01
3.792810015320282702e+01
3.792253704934230996e+01
3.764693051518764122e+01
3.829535538693071572e+01
3.747880688451367348e+01
3.752850342423681695e+01
3.805174930938997591e+01
3.787332770846484920e+01
3.794117077619286249e+01
3.744254610059363841e+01
3.811616501399490886e+01
3.769985680802707861e+01
3.844805173433138634e+01
3.784852441564277115e+01
3.703795840187754607e+01
3.777754642423025189e+01
3.806744147293443348e+01
3.715711227392225169e+01
3.773276473040469625e+01
3.745846160168787264e+01
3.760795186734173257e+01
3.804605915725423415e+01
3.822322471621880879e+01
3.775648556893538910e+01
3.778283048031323688e+01
3.829865850213688105e+01
3.788924539413480375e+01
3.747805599150944289e+01
3.751894668252310083e+01
3.789631771138713390e+01
3.790383166615234245e+01
3.757704640944820085e+01
3.822109413706460401e+01
3.782778565196417730e+01
3.859630010404185896e+01
3.746113902363092762e+01
3.759433881505639619e+01
3.812789036645832397e+01
3.727827809715711282e+01
3.761592655500427185e+01
3.755961181576429198e+01
3.771384874252417063e+01
3.804372004079051095e+01
3.776640663353046534e+01
3.777465418508894146e+01
3.795207064699452815e+01
3.722714773991924631e+01
3.752797130344921328e+01
3.788658705987623421e+01
3.774465488848274930e+01
3.810277467392577222e+01
3.752108681386551581e+01
3.768661012418014877e+01
3.730767317963722007e+01
3.769340552926092158e+01
3.777590803026299682e+01
3.799296837539663585e+01
3.735844505786353409e+01
3.736169570568879550e+01
3.820117880138005972e+01
3.747874554617524723e+01
3.738212453122467593e+01
3.754095947096102037e+01
3.780376057721660032e+01
3.752319373617065423e+01
3.727770415505132462e+01
3.805697110570658026e+01
3.810377402206932373e+01
3.761278077222335270e+01
3.690227908842042126e+01
3.772797600128716766e+01
3.780247446444521131e+01
3.786413493466086067e+01
3.806559986060198497e+01
3.691620716940447977e+01
3.764614391401944005e+01
3.706752261910206414e+01
3.770472916559183574e+01
3.741678661208121071e+01
3.702803888911006425e+01
3.735364499040863251e+01
3.799891548846017741e+01
3.781090979985552281e+01
3.799406223535538629e+01
3.712471188232947128e+01
3.727475053234110902e+01
3.733920882530793506e+01
3.768633957247711663e+01
3.761927641282349555e+01
3.730879249780095819e+01
3.702628550378856431e+01
3.705621131343166752e+01
3.725625444960084565e+01
3.798983719636527212e+01
3.726733553705683732e+01
3.742842001717212952e+01
3.737100607318343037e+01
3.790801195524618805e+01
3.777262544213770923e+01
3.795463532838796539e+01
3.740921222778567312e+01
3.721598405329026349e+01
3.722542641662160889e+01
3.688833281636401296e+01
3.747488814665198475e+01
3.706244408727831541e+01
3.767654190294396699e+01
3.737692437101327414e+01
3.795300612554352426e+01
3.694063392125278966e+01
3.733391894091665364e+01
3.730279936258948226e+01
3.715812111837873033e+01
3.757156038891848482e+01
3.760539140313895246e+01
3.738082571134764009e+01
3.785293413926933681e+01
3.778012153498317360e+01
3.680061032527254383e+01
3.728430805970348416e+01
3.702023134198966403e+01
3.744240622491049209e+01
3.811503408410166571e+01
3.695554127586435555e+01
3.761388314653097353e+01
3.719754781743688454e+01
3.753228946674291677e+01
3.739891482902103093e+01
3.756721037655682238e+01
3.782653431058833604e+01
3.761773663999849759e+01
3.692136673069712316e+01
3.800075888489765674e+01
3.679687102066878879e+01
3.732666959902096693e+01
3.713228135215955206e+01
3.692172277946609427e+01
3.779830494330109047e+01
3.717685236715350072e+01
3.698605700883938852e+01
3.733511725559560546e+01
3.757431927552920570e+01
3.785151103145462059e+01
3.767746189094728493e+01
3.757090582974041126e+01
3.750569253293718930e+01
3.690893262386099849e+01
3.705336754274480171e+01
3.739055517781272897e+01
3.811467244293724121e+01
3.716016228047465830e+01
3.770764566087207470e+01
3.695200104205514435e+01
3.754615288157347663e+01
3.769345222089075520e+01
3.725253259894575564e+01
3.813384526800832219e+01
3.738983378097796617e+01
3.753769204921079705e+01
3.694745799639391493e+01
3.687060326804953547e+01
3.729455122047476578e+01
3.735528932786806422e+01
3.770011779890958081e+01
3.775498483702211416e+01
3.697892739058440270e+01
3.721999209751608362e+01
3.755719506586598300e+01
3.773863874468995760e+01
3.744442610059798682e+01
3.735881691799051652e+01
3.769710889873538662e+01
3.705228241599884598e+01
3.749935604236766551e+01
3.747116507832181043e+01
3.751057541808166462e+01
3.726428855522436123e+01
3.695440271792900688e+01
3.710847443160844250e+01
3.702182027026213973e+01
3.741931103594408370e+01
3.715639724767330421e+01
3.685951994639108165e+01
3.733332417850287754e+01
3.793243650281512913e+01
3.738527922248105284e+01
3.748818732315502444e+01
3.753787734898789097e+01
3.730630922745895361e+01
3.719275031161851075e+01
3.697660905403571263e+01
3.712677373681131598e+01
3.733441685386643627e+01
3.772662871172051524e+01
3.740837782803173184e+01
3.700145537700227294e+01
3.705387403998673790e+01
3.740478939054506213e+01
3.699387879051992911e+01
3.724545483288245151e+01
3.751314058251639949e+01
3.701992055040133067e+01
3.691562634294614753e+01
3.785331421465721746e+01
3.737143468525754741e+01
3.714890795763648867e+01
3.778694830076373989e+01
3.767330276420261725e+01
3.782489314973744143e+01
3.702103252980565173e+01
3.777917313955219925e+01
3.660638602607459546e+01
3.734918681004336349e+01
3.693933557911631027e+01
3.721139812197018415e+01
3.761766301751679720e+01
3.731916402804288424e+01
3.698798996913209436e+01
3.761816045659183061e+01
3.694742881796539535e+01
3.766140315461014154e+01
3.768512407968098188e+01
3.749707526171221872e+01
3.708184152730893146e+01
3.784944055512544736e+01
3.716201771691711286e+01
3.707392398072113338e+01
3.712811742408329962e+01
3.734249030700986793e+01
3.751002842060070464e+01
3.787700382746596262e+01
3.714729733747756768e+01
3.754913180875680467e+01
3.781441429133517573e+01
3.710818619478593661e+01
3.746077789460018437e+01
3.720843642175488242e+01
3.795074725949309169e+01
3.752348006847334716e+01
3.679232310164601927e+01
3.707786003716481105e+01
3.782989068155128365e+01
3.737035044621405433e+01
3.699723599558573284e+01
3.710487599319139207e+01
3.761605755008308449e+01
3.694807866555104425e+01
3.795650314287606619e+01
3.658327698904606251e+01
3.738146893866876042e+01
3.710680255672387773e+01
3.730241652685307230e+01
3.727809514872021168e+01
3.699044395904840599e+01
3.731012248437956913e+01
3.779641300744053467e+01
3.716660394004706092e+01
3.735388603583303535e+01
3.743341580162665849e+01
3.683242544150346021e+01
3.701349071710549055e+01
3.736414549330949342e+01
3.752614057551330973e+01
3.714008975702625293e+01
3.746037817212491916e+01
3.735584279225400905e+01
3.728212016410499530e+01
3.671009005361005251e+01
3.769758894354862377e+01
3.703550218325982257e+01
3.747124782120766184e+01
3.710153969354555414e+01
3.689091551348312237e+01
3.688936910126115976e+01
3.762496425258894561e+01
3.746039817713324993e+01
3.769797358147189215e+01
3.726141829162266106e+01
3.637018837650516190e+01
3.690519780053974586e+01
3.710787959655033319e+01
3.710645152716032413e+01
3.704526802859553669e+01
3.738421483288597358e+01
3.698319974743780136e+01
3.692163374709481616e+01
3.654981471971348128e+01
3.732275150457526536e+01
3.717760529727527086e+01
3.677459150505040242e+01
3.700453115585187902e+01
3.699431979137839477e+01
3.726869037354806125e+01
3.734197213866585940e+01
3.696605499465488265e+01
3.743281598103040864e+01
3.699892409448544583e+01
3.735395088894453153e+01
3.743678781035463032e+01
3.741773885752379414e+01
3.691487723456944536e+01
3.715685154374812527e+01
3.708518788599194949e+01
3.699112995532947679e+01
3.723108584961655509e+01
3.739561855449228034e+01
3.737616459023372784e+01
3.737648792064352676e+01
3.694715675596189186e+01
3.672101289623115150e+01
3.786034643611672124e+01
3.724801671379558599e+01
3.752603345317702122e+01
3.696800083245391733e+01
3.746543046722280934e+01
3.760237832873779240e+01
3.735477722090260499e+01
3.675152902416822087e+01
3.713951983095262932e+01
3.712923445665266087e+01
3.721494814682404950e+01
3.808951783169622729e+01
3.713156357431047638e+01
3.665567349758874371e+01
3.697640676789695391e+01
3.680740722784383223e+01
3.738328026671945992e+01
3.731075285798253560e+01
3.712599755216184150e+01
3.705833474991267451e+01
3.677796309941920327e+01
3.694536778082544970e+01
3.722447482232711735e+01
3.725735361933298861e+01
3.726127205968452927e+01
3.708175764609716651e+01
3.718152433315523098e+01
3.669595235120804944e+01
3.690423553847980997e+01
3.680836844820738207e+01
3.679975985393845406e+01
3.696261443124072343e+01
3.703037983302206726e+01
3.777837220799776929e+01
3.762037518963312266e+01
3.722989347897220824e+01
3.675899724740504837e+01
3.742253572699820552e+01
3.683806878493145121e+01
3.722488017721945397e+01
3.667289120706227123e+01
3.769354809046427590e+01
3.703151980783947295e+01
3.720699958245020866e+01
3.727679871584166449e+01
3.684908447356941252e+01
3.791329382373076129e+01
3.708989008593715653e+01
3.750747991381233248e+01
3.694535630481431809e+01
3.714224695384326225e+01
3.718257747445466066e+01
3.708907253054314879e+01
3.706217268004512988e+01
3.698720519807620377e+01
3.729141384852761121e+01
3.735882043215525528e+01
3.703118981203274984e+01
3.745440710537403817e+01
3.699568217416226901e+01
3.729346981526042981e+01
3.709497745336793884e+01
3.718654294371309277e+01
3.708945708289612497e+01
3.729857525169052224e+01
3.747966391248831286e+01
3.714521443607780071e+01
3.750762425626009389e+01
3.733427001270359824e+01
3.787798154746094070e+01
3.653496747292351188e+01
3.727757306436192408e+01
3.688527128353214124e+01
3.706536646888394415e+01
3.754137250699921680e+01
3.739182803463404525e+01
3.704653951027085412e+01
3.739068362477070195e+01
3.732302624526964507e+01
3.724020974774812487e+01
3.719016776232093946e+01
3.680631737561148498e+01
3.773122301535625667e+01
3.694066359828459412e+01
3.759407228084888430e+01
3.738806198690403448e+01
3.740102169387112241e+01
3.756248650980570858e+01
3.739631524206368596e+01
3.724075586311241892e+01
3.747676546007811993e+01
3.722218824981385410e+01
3.737810658391628493e+01
3.730005231207196204e+01
3.712230308382864763e+01
3.805817721545223975e+01
3.710528723466310907e+01
3.783619820346532236e+01
3.784879516741162320e+01
3.658337981059108301e+01
3.742295872663105172e+01
3.735937933924423504e+01
3.660651821693681285e+01
3.739174348221531829e+01
3.724124521333359894e+01
3.745150221720756178e+01
3.830239311896927035e+01
3.708281438172747357e+01
3.779129958577064485e+01
3.773090988682201896e+01
3.747423010283359446e+01
3.775103232314088331e+01
3.793565700436591470e+01
3.799356638189244251e+01
3.717296855850594284e+01
3.725077026435490524e+01
3.660694865264855480e+01
3.701403344021665021e+01
3.768622230459693867e+01
3.724391224654140586e+01
3.735971562445207894e+01
3.780496994337914884e+01
3.795972226228955293e+01
3.780557464652581245e+01
3.783960486319024596e+01
3.722666727500382677e+01
3.749296904665926888e+01
3.756239074307439552e+01
3.711834792798823202e+01
3.811247677427520131e+01
3.806564113588436982e+01
3.811219243721940586e+01
3.705952940249319028e+01
3.763106377772353994e+01
3.730039894955184820e+01
3.701446282470997318e+01
3.742676070298629298e+01
3.749157617746688942e+01
3.720100644077196250e+01
3.719584099301335556e+01
3.770330182940946884e+01
3.765591421134347172e+01
3.738053307244341283e+01
3.673398605081317925e+01
3.784784767279550977e+01
3.676433842092562543e+01
3.769749696319082233e+01
3.779347121437142931e+01
3.775132378430302538e+01
3.772453258480155824e+01
3.735331521908403118e+01
3.799317198357481118e+01
3.781891324507499519e+01
3.749616723224242065e+01
3.777019458884944214e+01
3.745474668002942309e+01
3.744093223208319898e+01
3.785117117002109666e+01
3.721177689808227740e+01
3.664601656165256571e+01
3.762924877188745398e+01
3.743735103689197530e+01
3.801742185515703198e+01
3.675903284240981606e+01
3.789616205856599862e+01
3.785220958183256101e+01
3.726560038016914689e+01
3.706910606202973923e+01
3.714406945611711564e+01
3.743123901241829543e+01
3.694497808893910218e+01
3.728830993978383646e+01
3.721288323812811427e+01
3.747220375151588456e+01
3.749067265811910943e+01
3.777045888757844949e+01
3.799970672377439485e+01
3.710101061751110763e+01
3.718720333619857144e+01
3.789170509540281273e+01
3.706902336809969967e+01
3.728084908173017453e+01
3.754373909003179222e+01
3.772084347496240042e+01
3.811780598816843479e+01
3.749136715607001236e+01
3.707599240604388058e+01
3.786239241781783704e+01
3.786383707291903988e+01
3.757942327421511663e+01
3.786396522496431061e+01
3.702068763868629730e+01
3.772016435109782861e+01
3.748671351658953199e+01
3.746714824699834878e+01
3.734294264324385182e+01
3.778186228624234388e+01
3.775667916740295027e+01
3.776329596948389167e+01
3.779991815780594777e+01
3.698642793721055000e+01
3.789653209389050659e+01
3.769999583338812954e+01
3.793206406072095405e+01
3.768047881507409613e+01
3.766859230327104058e+01
3.702930272524242383e+01
3.747188382438776699e+01
3.697056085666527991e+01
3.754722684758339568e+01
3.758481039784336986e+01
3.788079226110117048e+01
3.802227830371653283e+01
3.754726894875857113e+01
3.682200995959875911e+01
3.813158166074904187e+01
3.760279601616237244e+01
3.753781177055749652e+01
3.703031141638388846e+01
3.689840531582459704e+01
3.750428702499118572e+01
3.697639681485730989e+01
3.736814006701422386e+01
3.735026500024223139e+01
3.726103596615205760e+01
3.754716613139751047e+01
3.755312196976780115e+01
3.793416768748640777e+01
3.743312683443483735e+01
3.745021654208596118e+01
3.802146934405570278e+01
3.721937474755551989e+01
3.718930929829743093e+01
3.711072580374178642e+01
3.715017054008221464e+01
