3.666685732624578975e+01
3.505216608771164033e+01
3.278389861495893598e+01
3.415464006371675509e+01
3.385929153756614340e+01
3.354487728254205336e+01
3.374078504986837146e+01
3.321995771740886738e+01
3.348044508908612471e+01
3.236900064073880401e+01
3.314819612884853939e+01
3.268599358838333302e+01
3.265084162063411100e+01
3.254759090107734210e+01
3.248793206420809554e+01
3.235415946218468264e+01
3.248615178295753481e+01
3.265801886457270342e+01
3.250765918416789191e+01
3.225290411373207888e+01
3.231668314352174320e+01
3.238296018920049590e+01
3.242297160499225583e+01
3.267899303567757840e+01
3.237923280091458622e+01
3.240951382595924457e+01
3.246634467176807703e+01
3.227718000925785446e+01
3.220913461578999204e+01
3.225696921578722964e+01
3.233198270228302817e+01
3.219601732724526499e+01
3.233647040127310390e+01
3.240177674777834227e+01
3.231154789819200346e+01
3.230743435818039444e+01
3.247739113938124689e+01
3.233116786259523678e+01
3.231221408102211967e+01
3.239082844049709564e+01
3.231750365638295364e+01
3.227788190634712606e+01
3.238166229154537490e+01
3.237294171977352875e+01
3.238703533216172303e+01
3.223877605668859303e+01
3.243109478694193371e+01
3.226739198524490604e+01
3.233298730826550127e+01
3.232299720826409128e+01
3.249468375383320051e+01
3.244267311509400287e+01
3.231866139938156834e+01
3.235775220946806030e+01
3.244237104518285975e+01
3.235019942893475076e+01
3.233600321145184608e+01
3.256063802933822871e+01
3.233867919609135555e+01
3.222062274595890585e+01
3.238477967841758698e+01
3.238144192181140824e+01
3.245566389859867229e+01
3.244918378072988929e+01
3.215721108799207428e+01
3.230369264528157203e+01
3.218111291232300886e+01
3.220752129134152142e+01
3.235964774360775209e+01
3.220819703323167715e+01
3.243686618529065413e+01
3.231189100954925664e+01
3.223632197517343201e+01
3.230097568260845264e+01
3.220399282211631942e+01
3.244880848845395604e+01
3.241230433693822022e+01
3.232869587787752153e+01
3.255473858586181279e+01
3.232489523063860304e+01
3.243998478670585683e+01
3.240475965104091216e+01
3.245493254731642452e+01
3.228258052284315482e+01
3.245501317774300531e+01
3.219669919622131715e+01
3.227514967012169222e+01
3.235148632039459926e+01
3.235458086852013082e+01
3.237424367867027541e+01
3.222576334649009766e+01
3.222971020304689915e+01
3.228738409976499923e+01
3.227631018749667646e+01
3.236686652664173636e+01
3.239958252364857572e+01
3.250659694686827095e+01
3.236920514708682362e+01
3.217762227558142740e+01
3.242670464478064218e+01
3.234964393769716651e+01
3.239964126041359549e+01
3.226527890378279295e+01
3.232232275305345581e+01
3.226715754003234338e+01
3.235340685801226357e+01
3.242134280263053370e+01
3.241608125625528203e+01
3.235120274535945839e+01
3.238070845862650771e+01
3.237233831019460695e+01
3.239465173578234669e+01
3.241084235847817752e+01
3.237683234930675980e+01
3.233493594598822796e+01
3.229362664510901482e+01
3.240388177402811465e+01
3.232443991839997466e+01
3.244262819436546152e+01
3.237205981584632042e+01
3.239423100551651657e+01
3.225966616813673937e+01
3.224946725342311282e+01
3.240546808499802012e+01
3.217467892509052518e+01
3.211653409892557676e+01
3.243877207477805769e+01
3.228510542786866466e+01
3.242176042351358944e+01
3.238660788261083212e+01
3.243139066899361467e+01
3.239766437352274409e+01
3.240586074894078905e+01
3.230042992497045162e+01
3.236772151903879546e+01
3.233860823268832974e+01
3.240514493902802684e+01
3.232238615717052710e+01
3.237422539872926563e+01
3.242354208784483660e+01
3.234031497293639035e+01
3.230291125709754141e+01
3.242794194149102793e+01
3.223133621211855626e+01
3.237741655994825862e+01
3.245459288465373504e+01
3.237393487862674135e+01
3.220653589080722412e+01
3.228371120687504003e+01
3.230189353331553548e+01
3.241110858356266533e+01
3.241209353719589359e+01
3.243523906622939990e+01
3.241132583357430264e+01
3.241260099882990886e+01
3.223952383029378410e+01
3.243879732727367582e+01
3.238110601688967449e+01
3.238292212997407660e+01
3.234459329605619615e+01
3.222517055489853277e+01
3.223107620087893821e+01
3.218935123264751752e+01
3.241529448363246502e+01
3.238824177945068072e+01
3.246637091291128030e+01
3.238807941207537056e+01
3.235935451994954803e+01
3.241153613747518847e+01
3.237910604931143155e+01
3.238153005547608387e+01
3.240364245530033571e+01
3.237752286446568206e+01
3.233666241997510582e+01
3.222404161674300127e+01
3.241044150026998238e+01
3.235088707205034098e+01
3.229680081734998254e+01
3.224131175097964785e+01
3.242982844090218464e+01
3.232309362052130552e+01
3.223754864246540563e+01
3.225981162079882125e+01
3.232329526400495467e+01
3.222855579986934771e+01
3.244377577091694320e+01
3.238967999388627561e+01
3.245924613132321213e+01
3.238479229557295724e+01
3.225793660148919884e+01
3.223357592849756514e+01
3.244643556398952455e+01
3.218856553987287583e+01
3.246398645338711475e+01
3.238103290253560118e+01
3.230078339754692252e+01
3.237925318714368927e+01
3.227375330530902886e+01
3.236652507122482803e+01
3.237357203472083711e+01
3.229196255742615307e+01
3.219099889432337847e+01
3.234589264695689081e+01
3.219342706710579449e+01
3.248127595349472330e+01
3.237722234483408101e+01
3.242984997541740455e+01
3.240897649423109073e+01
3.223934206480295472e+01
3.221110425317492343e+01
3.247801781721592107e+01
3.221749669803856619e+01
3.222588406293907326e+01
3.226893171164882546e+01
3.241519740826355900e+01
3.242311964013607195e+01
3.236981154439723696e+01
3.227354712642397061e+01
3.238194882618315518e+01
3.227605598536422349e+01
3.236401858460550329e+01
3.219569616707522641e+01
3.233087843629289893e+01
3.224951324065251157e+01
3.231005000426642226e+01
3.231389557990505779e+01
3.239870345125604700e+01
3.225659669471234281e+01
3.245212714118737551e+01
3.227436129547689347e+01
3.231339556572905281e+01
3.235278017993235267e+01
3.230528480477593689e+01
3.240934634409603632e+01
3.217452099595620751e+01
3.227458825367197193e+01
3.217613049305764861e+01
3.242697479060039711e+01
3.244430087551783970e+01
3.219118918940279883e+01
3.238246929624223469e+01
3.230559291236031783e+01
3.241379754736162511e+01
3.239466333589351876e+01
3.222814487271481454e+01
3.221284098779288740e+01
3.230271478775258487e+01
3.241469494255588302e+01
3.239354091630939081e+01
3.235859518281989722e+01
3.215613053351520989e+01
3.230750263944024425e+01
3.231402259978522551e+01
3.245331415873032199e+01
3.228815662269627751e+01
3.228556021592858372e+01
3.218685290682102362e+01
3.220743294172223870e+01
3.229582355586433096e+01
3.235101948536426164e+01
3.221190936768203983e+01
3.240194024150591190e+01
3.233362666249227857e+01
3.234478277719858852e+01
3.225457796941833521e+01
3.243997138825798743e+01
3.243541620324272401e+01
3.218294427381856337e+01
3.245886200636273600e+01
3.245150291500343087e+01
3.215124482862366762e+01
3.236324145812227471e+01
3.229068569698482349e+01
3.231792927713155450e+01
3.241981126131149438e+01
3.244749076241573249e+01
3.233271415500124135e+01
3.237674809619614535e+01
3.226542181262408349e+01
3.225589410328664997e+01
3.220435741497196602e+01
3.241662163488538795e+01
3.229694158730345066e+01
3.227976424264231525e+01
3.238435740154219644e+01
3.238360041846053861e+01
3.251029095966588756e+01
3.223319798762132393e+01
3.245974079363006126e+01
3.238135516317520057e+01
3.229081703992070373e+01
3.252471446580484127e+01
3.226704912483236853e+01
3.244337142442967803e+01
3.250818907916148959e+01
3.243385621405446528e+01
3.237445692680292808e+01
3.240390923444253701e+01
3.241792160641175258e+01
3.236579973458907489e+01
3.233484277798253714e+01
3.234717806689264563e+01
3.219273575447699898e+01
3.235407060906999277e+01
3.221953410203187218e+01
3.226116495815480789e+01
3.213795796947411532e+01
3.230579193516344105e+01
3.239056123290421851e+01
3.224534570411847056e+01
3.239841702569964355e+01
3.231137783430026644e+01
3.216000106682639625e+01
3.233011621594509677e+01
3.225991753818024677e+01
3.218666074357356877e+01
3.228395930242957945e+01
3.239075135212711842e+01
3.249961852400913642e+01
3.230004060072007377e+01
3.219257233298400678e+01
3.235449959888973837e+01
3.248897188033268435e+01
3.220130744601640771e+01
3.222693723952445310e+01
3.228024265417607097e+01
3.246844081124287129e+01
3.225494077017169303e+01
3.224851529355700563e+01
3.235726357519678942e+01
3.238130505170239104e+01
3.236143992620538512e+01
3.234799440050451125e+01
3.219929321878125705e+01
3.231627111412137054e+01
3.237494504834822351e+01
3.236467974975979445e+01
3.232469578423098966e+01
3.228706123545805440e+01
3.238242779441575436e+01
3.241165687256789596e+01
3.239606995938019907e+01
3.246304524028432326e+01
3.225957613846811256e+01
3.239603383414070237e+01
3.239451029563719686e+01
3.234462113771289893e+01
3.228373918669263531e+01
3.243174027809514826e+01
3.248707248791109237e+01
3.243444021609383299e+01
3.244233787925786316e+01
3.243645643100136766e+01
3.235051319006868198e+01
3.241446658833514505e+01
3.238675588566459851e+01
3.213944429560389437e+01
3.223395403909652401e+01
3.231885251029758166e+01
3.231998916554646684e+01
3.222174193761979666e+01
3.239481349309416203e+01
3.234969074992761762e+01
3.247891369978844978e+01
3.247490076332767472e+01
3.222749561339904290e+01
3.230508172741100736e+01
3.230685718108708926e+01
3.236708044148627295e+01
3.243168116949181012e+01
3.254672843594763521e+01
3.244255479154369226e+01
3.259711229605488114e+01
3.235275854374112470e+01
3.221548884764950316e+01
3.241743972000591612e+01
3.242988371381932922e+01
3.244698989734157379e+01
3.241805220794365283e+01
3.244072453425398805e+01
3.233385962708472050e+01
3.217919584641841624e+01
3.237377749346086375e+01
3.242780566454946722e+01
3.235901885221881713e+01
3.252274975789198663e+01
3.244874268116976879e+01
3.241777724849374920e+01
3.236831538899141236e+01
3.242594335717275555e+01
3.243773552222297951e+01
3.222257549433474111e+01
3.230576000430559702e+01
3.248039869004447411e+01
3.237686522214612239e+01
3.232264888740301245e+01
3.231770333860062294e+01
3.250136894125709119e+01
3.245975712463171448e+01
3.222710318108412508e+01
3.223833975591883672e+01
3.220588865244193499e+01
3.237983189000085815e+01
3.270753784193364311e+01
3.258773537162073808e+01
3.237284129067532490e+01
3.249585309319599702e+01
3.244189070573895606e+01
3.301166400649779575e+01
3.239547018799336797e+01
3.247479289747005993e+01
3.224239349788050646e+01
3.223174831662375794e+01
3.446467049703843344e+01
3.692415282843377611e+01
3.243065497024440447e+01
3.221442203871504262e+01
3.228385665695146400e+01
3.222533670177686105e+01
3.236590564294937877e+01
3.238253221691622485e+01
3.225486902168383097e+01
3.301834209697898359e+01
3.232595753347332845e+01
3.580799881920400196e+01
3.647806194135397106e+01
3.904297520732006888e+01
3.235900997961473280e+01
3.280141396685378652e+01
3.397881189765116261e+01
3.233136954444320565e+01
3.408260874439820753e+01
3.243033657928108227e+01
3.231506013797870480e+01
4.076854148597626448e+01
3.252620679502783219e+01
3.380222822359782953e+01
4.203575831627697568e+01
3.213875731197277474e+01
3.572001891705543386e+01
4.383729643849906665e+01
4.550754752982609830e+01
3.237288101368534399e+01
3.243709363389127276e+01
3.284535868831069649e+01
3.243119138446306948e+01
3.630756409827632325e+01
3.249669522742966166e+01
3.485040411001349270e+01
4.826784679939229505e+01
3.234649385233004892e+01
3.242721965592660638e+01
3.232256863416787951e+01
4.726884574067256750e+01
4.988898758220773288e+01
3.236521886687337712e+01
3.237290903198877601e+01
3.466448646246877274e+01
3.294911354009713733e+01
3.645544332147443356e+01
3.502216276060590161e+01
3.677855369753220316e+01
3.529579784941270049e+01
3.234523498977119971e+01
3.234336547384621241e+01
5.068273465818052159e+01
5.139240912889708568e+01
5.270885865539295878e+01
3.785508649701438344e+01
5.160029738339736127e+01
5.293684185611672888e+01
5.199899941324930808e+01
5.124111877084411049e+01
5.180419375414632555e+01
5.388715519275410770e+01
3.236896751152004725e+01
5.150726265612756549e+01
5.240249969164453603e+01
3.392911908825388423e+01
5.162928447804002730e+01
3.480368205772995083e+01
3.218295456010625344e+01
4.607555117252904608e+01
4.568911073794359368e+01
4.720675083036861963e+01
4.683949377579272522e+01
4.772645369927882797e+01
4.603871358941596270e+01
4.424374239920445007e+01
4.701381187226134273e+01
5.371751829639192977e+01
3.567197190457699207e+01
4.791751871202858837e+01
4.810804721759120639e+01
4.846388800332142921e+01
4.573635372673300736e+01
4.866426280981223584e+01
4.249369665314896594e+01
5.402369915526514887e+01
4.607902984340360319e+01
4.901924315536562204e+01
5.406205166556180330e+01
4.407996560632456351e+01
4.583003550993568354e+01
4.963009864821835038e+01
4.669121636722755397e+01
5.452416689299028718e+01
5.483937913409007336e+01
5.461404220251689878e+01
4.726594397850514895e+01
4.650608277898143683e+01
4.522397115265825107e+01
5.569112860192453240e+01
4.871206119972585213e+01
4.632993665020813268e+01
4.907070140618821341e+01
4.886315455514449724e+01
4.914071775989530266e+01
4.702471373114771325e+01
5.643339884874366419e+01
4.879513135157552028e+01
5.609981045573706382e+01
4.590425841182096178e+01
4.767774419818585585e+01
4.782956993089528908e+01
4.820050189719130174e+01
4.669709143534107909e+01
5.595800395001108996e+01
5.055961162489188609e+01
4.786885030563703225e+01
5.567717008501867326e+01
4.876338693671684155e+01
5.685702653574379184e+01
5.395681710045600710e+01
4.639488708680207907e+01
5.118080629026846395e+01
4.945784159925350565e+01
4.998517887678832494e+01
5.635234425562622818e+01
5.615439350652909667e+01
4.649564295150136672e+01
5.642008306231251424e+01
4.937013422087805026e+01
5.667472652822613810e+01
5.720228047665769822e+01
4.931232103580688175e+01
5.728480210751740032e+01
4.818114290685469570e+01
4.973768935862099738e+01
5.683390870258317307e+01
4.912335453583290246e+01
4.840656194312163763e+01
5.045330480614804003e+01
5.545055975730639375e+01
5.744363239403242005e+01
5.687600374007817550e+01
4.942860744606819878e+01
4.653966866646700140e+01
5.579640791512596820e+01
5.726198398025033498e+01
4.756471605304592742e+01
5.664100155366205058e+01
5.058033767510362821e+01
5.665926246981226200e+01
5.688466080150029569e+01
4.963264867069383968e+01
5.552150322395097959e+01
5.617297151952575263e+01
4.815830012019795703e+01
5.788509076611271098e+01
4.873285114205908997e+01
5.702011830950579707e+01
5.032503368972125202e+01
4.986788326300793983e+01
5.681091766473731042e+01
5.693646061521465640e+01
5.687854035242308726e+01
4.825397290028146813e+01
5.655153822208130521e+01
4.993338351014913457e+01
4.802602618180947758e+01
4.544215930234333456e+01
5.772438811608171250e+01
4.657514990857327319e+01
5.692868559188229938e+01
4.747338517417374959e+01
5.719802519331067714e+01
5.689781566213977015e+01
5.898391667820145301e+01
5.750534566743096576e+01
5.693457994544294110e+01
5.782083025923983399e+01
4.903888073830474070e+01
4.950506128365475433e+01
5.764280390221207995e+01
4.825401373059015242e+01
4.893266459455681172e+01
5.658244278155043361e+01
5.810059697407385215e+01
5.782497048815785234e+01
4.864935316210564054e+01
4.799358042021243165e+01
5.616780610991219902e+01
4.725145511697367340e+01
4.940248116863672578e+01
4.831599670591495510e+01
5.746959333682084292e+01
4.980401912605880455e+01
4.763394735715690587e+01
4.866190239667964335e+01
4.815816084408852760e+01
4.931187299398040835e+01
4.882620080680290187e+01
4.667532587991401272e+01
5.674225229552257588e+01
5.701932356820772441e+01
5.006426555866526940e+01
4.944606370851796839e+01
4.764262603278904606e+01
4.705331838827813584e+01
4.982221970417047885e+01
4.613273425790692528e+01
4.799103744867850452e+01
5.743574088690380819e+01
4.888128228974968437e+01
4.819167195897434652e+01
4.779143808580501229e+01
5.734018225230200017e+01
5.689750014548436496e+01
4.502755258817138895e+01
4.748891698613827828e+01
5.608005911588195147e+01
5.589504347224539060e+01
4.728991006710189993e+01
4.764723535058220705e+01
5.703055013714057964e+01
5.732600043202291573e+01
4.881870129195496588e+01
4.743351868798232118e+01
5.630678145672392532e+01
5.597473788742274081e+01
4.768880935698912538e+01
5.624447429335836546e+01
4.628492266079142325e+01
5.620950518997202749e+01
4.915871645523790789e+01
5.629561698981826368e+01
4.850175234753223208e+01
4.850848738983316366e+01
4.795364773385121282e+01
4.702371995044668296e+01
5.598238536580194591e+01
5.488741281946865769e+01
5.634836770111148496e+01
5.687971034173525453e+01
4.726716554131135695e+01
5.528541844447556031e+01
4.918834699960108736e+01
5.543500992624742452e+01
5.577383837409222878e+01
4.784045762554038816e+01
5.516249361163805531e+01
4.797149841825233807e+01
5.560238043739387592e+01
4.693283185663740653e+01
4.803853181494270075e+01
5.497843169337565428e+01
4.825241176329012660e+01
5.523161317385636693e+01
4.485278855496884631e+01
4.582416642222181480e+01
5.430488729667146686e+01
4.620737318266476734e+01
4.704738169696214101e+01
5.447528327727405895e+01
4.678996507942946437e+01
5.509373369111767715e+01
5.543940816342592370e+01
5.464807437586778605e+01
4.517353579623661375e+01
4.684247940719597381e+01
5.501603559464070514e+01
5.479650722401472507e+01
5.578853573186807324e+01
4.589137529756655454e+01
4.563996006707593267e+01
4.619872893514477141e+01
4.616253074284767877e+01
4.683350754236272451e+01
4.639580632670882210e+01
4.722546900102868506e+01
5.379907134634913746e+01
5.472425972072839784e+01
4.670324944228123343e+01
4.425568486356432629e+01
5.333122340135729189e+01
4.531292350167050387e+01
4.738113212659087736e+01
4.664054472285276631e+01
5.331048465250015767e+01
5.396716216607811134e+01
4.594950763143600625e+01
5.371122825396501099e+01
4.657465722753599380e+01
5.316563177597909373e+01
5.520618728633999694e+01
4.304498331899703345e+01
4.553117249879379358e+01
5.361810927617327849e+01
4.511104478498337755e+01
5.321793727179757383e+01
4.591876930813256052e+01
5.306919338464100377e+01
4.656951589727402308e+01
4.634239821795911496e+01
4.632454551922460695e+01
4.661548639647881487e+01
5.283854745689266963e+01
4.593292617396738109e+01
5.380520393875737284e+01
5.324458656455829697e+01
5.364426427493959437e+01
5.414753579822163232e+01
4.596352318863240782e+01
4.434747198431596615e+01
5.298463851861482965e+01
4.615705449861201259e+01
5.243965761981618101e+01
5.323263372239498636e+01
4.492507157625480829e+01
4.675622275636658998e+01
4.572143474716476419e+01
5.240987950240429427e+01
5.359445491563096198e+01
4.665528831259777576e+01
5.276690019527313069e+01
4.407614274325716508e+01
4.512676137006086918e+01
4.387014756961868045e+01
5.248360127221238969e+01
4.386166840682397350e+01
5.235875163296772428e+01
4.461162029590039424e+01
5.230130755634199602e+01
4.598925643878501290e+01
5.218817140733034421e+01
4.513366663701109616e+01
5.249470415117543354e+01
5.234518956137203816e+01
5.265326410792054901e+01
5.364037527071776879e+01
5.302385282790572774e+01
5.350459433884372373e+01
5.345646790766686252e+01
4.483346063196680120e+01
4.358704328972714137e+01
4.363047742416787145e+01
4.275298525420088680e+01
5.127020193861837072e+01
4.372966578575802998e+01
4.511525743005972799e+01
4.667579816893739064e+01
4.350747918066792153e+01
4.474696056160968993e+01
5.208829708509991718e+01
5.151591143876585477e+01
5.205114043749595254e+01
4.609387396637382039e+01
5.241011501546971374e+01
4.444207211777416688e+01
5.231295477469514310e+01
5.216754919579827998e+01
4.349942313768937652e+01
4.601271181359987139e+01
5.163159147187738540e+01
4.403079865466352061e+01
4.379896210853002003e+01
5.127902231450811854e+01
4.313111643927550176e+01
4.313233326673828572e+01
5.078863015640202150e+01
4.417401615804903514e+01
4.404606294087247420e+01
4.363849411981064463e+01
5.040251270967391406e+01
4.297670674048262640e+01
4.388479936007378512e+01
5.173420786013994643e+01
4.289834046609362161e+01
4.417720396633474422e+01
4.297857903361886400e+01
4.354029142066452351e+01
5.098501102211305636e+01
5.080164153851241338e+01
4.262754996912744332e+01
4.376363305786267688e+01
4.368116342479365954e+01
4.337114103266898724e+01
4.304247853133647084e+01
5.032282653894568369e+01
4.408537289639619416e+01
4.414035010857497809e+01
4.397835765365779537e+01
4.367472305761114626e+01
4.398834023179110631e+01
5.038639316507758537e+01
5.182018373225135832e+01
5.078441001615644268e+01
5.060784841260608857e+01
5.003459048609116877e+01
5.033724196093199055e+01
5.106246882751939609e+01
4.227875602673630340e+01
4.441487697275666591e+01
5.061303473045220613e+01
4.388864220013191186e+01
4.252334792090250914e+01
4.931434816502287788e+01
4.326519512290744984e+01
4.233912793190600610e+01
4.960880062460659445e+01
5.017227040618610090e+01
4.261330726384570511e+01
4.416395429292209229e+01
4.956195539237732106e+01
5.090069756757647923e+01
4.220771815743931654e+01
4.976052490327540312e+01
5.044950908043892923e+01
5.056719164941561928e+01
5.039943712514511276e+01
4.248492766119223774e+01
4.212126483985436920e+01
4.219168107590849814e+01
4.130635372720077214e+01
4.227570541521438940e+01
4.217741255943464296e+01
4.872526426683550227e+01
4.963593625494494432e+01
4.202452977609920737e+01
4.313051764277407329e+01
4.195213294339510668e+01
4.925356723031292461e+01
4.220571945954990412e+01
4.210236083789761352e+01
4.345195072802982850e+01
4.128820802091166797e+01
4.920262687420884617e+01
4.283822450313818564e+01
4.361619905646346496e+01
4.937597125480082383e+01
4.840725264846435749e+01
4.903787810306700834e+01
4.933945332945539519e+01
4.960474711488225807e+01
4.881744277238535545e+01
4.268677928948176259e+01
4.212916986320176704e+01
4.876861795239639008e+01
4.161330270417626309e+01
4.107536662894587209e+01
4.869516330627891421e+01
4.171894063341808589e+01
4.215278542650093385e+01
4.166285828936268842e+01
4.283295279838434055e+01
4.169077760626473861e+01
4.845927789100831973e+01
4.299731990662836978e+01
4.291734145482563179e+01
4.911947242451298479e+01
4.097469706952149693e+01
4.872774214604434206e+01
4.201125731998408241e+01
4.081824776839072655e+01
4.212405832858330967e+01
4.271167416921772286e+01
4.771265601714011950e+01
4.141814609098363320e+01
4.813950150135690365e+01
4.189702856555765464e+01
4.754531349607949409e+01
4.105347678152929092e+01
4.062228201314857756e+01
4.715947488917836949e+01
4.918617131980139590e+01
4.168798952437774119e+01
4.759691193710524715e+01
4.034179180270713516e+01
4.078995549402315390e+01
4.719131094096205459e+01
4.870207492504454194e+01
4.078150062930007635e+01
4.825807856186854394e+01
4.277006809356620920e+01
4.096923405760207970e+01
4.752107897497917577e+01
4.780710787382559346e+01
4.264965269308699902e+01
4.789113041640803203e+01
4.858937784419969574e+01
4.224692608683891137e+01
4.064909437912469770e+01
4.721778317349853182e+01
4.278616547488306310e+01
4.766572203685865361e+01
4.157860560816133955e+01
4.078180871901381011e+01
4.102128165238799795e+01
4.793039760156865725e+01
4.801440478676772727e+01
4.174891575180827630e+01
4.042107493435413801e+01
4.058671915297055222e+01
4.757926071704920190e+01
4.802917699887213843e+01
4.210456422210041438e+01
4.765480114827841618e+01
4.032448219155670444e+01
4.712392007770895219e+01
4.169428612849208804e+01
4.631775007318268678e+01
4.079664630670341552e+01
4.723218261660772299e+01
4.056439431495589076e+01
4.759517598374818448e+01
4.715375620287365166e+01
4.786731111164314001e+01
4.754971745462626842e+01
4.770871334652481011e+01
4.706651599317968504e+01
4.077439887105715854e+01
4.094589503511684114e+01
4.130161611384099274e+01
4.075717689790700149e+01
4.679543627540413553e+01
4.685981809066051085e+01
4.640530052850087372e+01
4.033745395774721487e+01
4.726182063294591273e+01
4.055775687145120401e+01
4.043974183582476201e+01
4.652124098292738807e+01
4.679017459733063333e+01
4.715967254032162970e+01
4.708216891119528213e+01
4.017158765653674379e+01
4.168512163745941734e+01
4.660505898214840670e+01
4.036536443197645241e+01
4.175425986062043648e+01
4.708102990089185624e+01
4.652890518572041145e+01
4.078144066464669493e+01
4.013760506993144617e+01
4.623127489831771442e+01
4.009844061999994835e+01
4.101408958336531896e+01
4.064025900976859873e+01
4.083531596540483832e+01
4.119274829429280516e+01
4.607721288558389006e+01
4.668502272378083262e+01
4.718776467981405176e+01
4.717611341916126122e+01
4.012301663710559296e+01
4.573188167010418681e+01
4.611259559029608113e+01
4.692745661181604788e+01
4.686495635004527571e+01
4.685107579603322847e+01
3.970484322057345139e+01
4.527828648276553736e+01
4.086275852627548488e+01
4.025663158051317936e+01
4.101412170070489083e+01
4.583081337394877863e+01
4.055173242591623506e+01
4.551093445990923669e+01
3.975345513473418180e+01
4.599066742748012615e+01
4.075235157119824692e+01
4.552819576692531456e+01
4.651034720670364209e+01
4.649603594752878166e+01
4.030667877300025026e+01
4.590115113004271308e+01
4.602195974667142764e+01
4.040279224070191333e+01
4.602077177907670347e+01
4.554362780480812489e+01
4.534873281949529655e+01
3.991661986488006875e+01
4.525627284860082966e+01
4.039924219277030204e+01
4.490083505514859752e+01
4.554728927092478585e+01
4.517504467662124057e+01
4.554388496851665025e+01
4.108171298218214673e+01
4.493040661380140932e+01
3.975313589366353995e+01
4.551254142115931955e+01
4.575572251763671972e+01
4.026313307383550466e+01
3.947230750917607622e+01
4.514148376206500757e+01
3.963464768303305163e+01
4.511189965725566964e+01
4.579042108339490369e+01
4.489018511615076079e+01
4.097208253724851801e+01
4.585318253463177030e+01
4.058661532778177872e+01
4.045285602553359183e+01
4.055812456756426343e+01
4.512903866506353268e+01
3.976033346032828319e+01
4.084725647798503445e+01
3.993348073411887356e+01
4.455716693895172398e+01
4.537504455848704055e+01
4.530875093567706813e+01
3.916595725953960283e+01
4.520077699857064601e+01
4.102910345410592186e+01
4.464372255724677530e+01
4.495590595252171795e+01
4.071052257195099600e+01
3.936295077060804459e+01
4.486110981846305634e+01
4.557958816569448857e+01
4.533180295937896886e+01
4.521936652953321101e+01
4.126961150738719653e+01
4.000604299442441203e+01
4.475587431612792955e+01
4.051002967157734247e+01
4.462125670980262981e+01
4.514775990078681644e+01
4.068852394021278229e+01
3.944140212511965871e+01
4.055948801728613518e+01
4.067659656580818961e+01
4.522538141855295635e+01
4.572358795485652649e+01
4.571450635705937771e+01
4.471692642845269461e+01
4.480113336933619905e+01
4.464085026363319741e+01
4.002607744006426316e+01
4.476380022688601201e+01
4.427474146750039097e+01
3.983411916365840710e+01
3.967260596126103422e+01
3.903370232788688554e+01
3.969286437769811471e+01
4.448648407475435818e+01
4.504226715111383328e+01
4.473245018549949492e+01
3.972961045058855944e+01
4.083522486397607310e+01
4.397907223908281793e+01
3.900524493191036868e+01
4.421402452305939335e+01
4.516061151088577930e+01
4.433896025620142467e+01
4.499866762220828775e+01
4.015726281504410622e+01
4.447824580266416206e+01
3.975678830724099555e+01
4.409472381031946497e+01
4.408890272940883648e+01
4.437674873850095736e+01
4.492954569158147393e+01
4.458207370105381528e+01
4.475919901008561652e+01
4.106424998806003401e+01
4.455654647579933680e+01
4.460281264361265841e+01
4.476020498794454738e+01
4.379486365561481875e+01
4.454494261489604412e+01
3.981436651065321541e+01
4.437778393702657809e+01
3.995951607376955650e+01
4.435167331109432354e+01
4.490323504956528211e+01
4.396182387888143950e+01
4.409797959687646340e+01
3.896476627287115946e+01
4.298692073397479163e+01
4.393341828418083139e+01
4.387110329000081066e+01
3.976099748776738352e+01
4.395322205915665137e+01
4.402500949779905426e+01
4.413636937880389866e+01
3.962239199519324018e+01
4.418608588691390082e+01
3.900715120424269600e+01
4.334044208959829803e+01
4.409446912314344758e+01
4.405138481693655450e+01
3.959301089515383865e+01
4.060676207110947189e+01
3.863751030143939857e+01
3.966441437778290435e+01
4.394433054403945249e+01
4.393542292204397626e+01
4.020704560888886192e+01
4.417174257738043508e+01
4.392908619915738200e+01
3.964510919425823943e+01
4.349688350480889198e+01
4.082260398509427546e+01
4.302357383106282640e+01
4.356838728466139088e+01
4.415624929953522582e+01
3.840994292201762761e+01
4.384255476548306518e+01
3.929376231301763056e+01
4.339927901904496821e+01
3.940612336100302571e+01
4.378320428509737638e+01
4.034214962071582278e+01
4.359893425528481714e+01
3.887137875662030240e+01
4.311577051705876329e+01
3.963609922475206560e+01
4.276152282750208400e+01
4.071845023118582674e+01
3.960539880502437882e+01
3.945737066951097205e+01
4.305975262498811418e+01
4.004729930199182064e+01
4.369994960118317806e+01
3.944485463198335395e+01
4.019161430030707294e+01
4.325852743144878332e+01
4.382555030852932276e+01
4.308206794236808435e+01
4.349326571859121771e+01
4.349938675889806916e+01
4.285907513687777026e+01
3.986443762220109477e+01
4.002972582464028051e+01
4.294218014117353022e+01
4.406383512708244865e+01
4.356836691870311284e+01
4.017542659331508759e+01
4.331968916133481429e+01
4.287292205683190360e+01
4.315744653633141326e+01
4.010506196024149261e+01
4.029943020145512378e+01
4.328559681179908836e+01
4.306341250784592489e+01
3.969649306868527816e+01
3.955460877053076274e+01
4.298794583500860966e+01
4.351406116270765523e+01
4.003570553048503200e+01
4.339487061723185946e+01
4.341356522390295680e+01
3.918020594052097749e+01
4.322572058210894141e+01
4.344459499068004504e+01
4.338944918993681910e+01
4.361792252476175946e+01
4.061280158259445017e+01
3.885234429898361697e+01
4.240996378307223580e+01
4.360819856782509873e+01
3.950872554124948266e+01
4.311197883901488126e+01
4.258592405338593068e+01
3.918620591867146175e+01
4.284909958080575620e+01
4.334130224146959875e+01
4.296908423768456231e+01
4.311272034562033895e+01
4.322600363196063000e+01
4.245812251332919374e+01
3.892532395811947765e+01
4.269291960815530729e+01
3.886077508047667095e+01
4.295898687714019104e+01
4.007140987967708412e+01
4.276839341972435449e+01
4.308972182965423059e+01
3.904826616307158815e+01
4.306851986487459527e+01
4.250907513084381151e+01
3.875768969289453025e+01
4.260785109150202743e+01
3.928950820313983883e+01
3.978762234768594652e+01
4.201944431742704467e+01
4.311501138154117285e+01
3.979237997686895056e+01
4.308667733214907969e+01
3.952624175390747752e+01
4.246790447996881568e+01
4.252945378545105370e+01
4.323853245715589821e+01
4.306859230284020867e+01
4.293873604066124017e+01
4.327363392637690964e+01
4.333009272298556880e+01
4.261318743857118818e+01
4.280186610621579746e+01
4.271474471102696668e+01
4.269819037443454590e+01
3.960321641886809374e+01
4.156429334394763941e+01
4.308851333294515484e+01
4.266725131032967511e+01
3.950741426816825452e+01
4.242175964885864659e+01
4.259696744704921656e+01
3.954413605254737263e+01
4.177899887024307901e+01
4.282076633584510006e+01
3.865107528932163916e+01
4.156772236175908120e+01
4.262417027813173576e+01
3.962348162226356152e+01
4.202816042785362072e+01
4.332366880883853355e+01
4.188630174501256676e+01
4.209324609440909626e+01
4.236142643689032639e+01
4.253445812995101960e+01
3.965861085989231327e+01
4.228763387109828642e+01
3.954813818025992589e+01
4.231481699890745318e+01
3.978809615559858770e+01
4.199744027281057868e+01
4.300115225711915201e+01
4.216753670484946781e+01
4.281661239867649016e+01
3.923924122475155229e+01
4.160309941703692971e+01
4.265144898941065321e+01
4.246667635694702625e+01
4.217703286459857281e+01
3.945953608624095921e+01
4.179823436346420351e+01
3.854122864814569027e+01
4.136673057934538633e+01
4.238604415446803841e+01
4.197714232200168993e+01
3.930425221037702954e+01
4.213811572321417742e+01
4.258406597332704990e+01
3.903526753495474821e+01
4.187343369398708859e+01
4.239528755004613458e+01
3.934470640012195020e+01
4.155640590756720343e+01
4.236811331809825987e+01
4.198144856738816344e+01
3.964618585818875829e+01
4.229026690559962276e+01
4.225189608862844892e+01
3.954802635907589803e+01
4.211429861864915836e+01
4.228498023992256805e+01
4.235794248027485764e+01
4.230806948371817811e+01
4.246217151328502126e+01
4.216896766564352816e+01
4.173404781003163322e+01
4.259023250991156573e+01
4.252591790675970884e+01
4.233055318431615888e+01
4.178583551447280797e+01
4.214146485606885051e+01
4.229317804284521998e+01
3.951205139594533478e+01
4.256869647371452459e+01
4.244752805220949199e+01
4.235540675689878753e+01
4.221987356167333871e+01
4.181948100102722066e+01
4.222980294824611747e+01
4.174258501891885231e+01
4.189206451083991567e+01
4.193098988135204763e+01
3.868179888672096212e+01
4.163150546214657766e+01
4.110690711591073665e+01
4.127835383681846082e+01
4.205966370804280530e+01
4.223434200395377758e+01
4.229089291226955538e+01
4.225519000519429369e+01
4.171541127513987846e+01
4.103615823075459446e+01
3.833271690261076259e+01
4.177122880275196337e+01
4.196467241482083921e+01
4.176975480451930167e+01
4.240216588899469485e+01
4.199683733054353496e+01
4.253940040955522051e+01
4.167050352109385614e+01
4.240113622717828434e+01
4.100599756078499780e+01
4.174052767561321531e+01
4.183274807812065887e+01
4.151701134584691744e+01
4.169751088882709666e+01
4.250337258911886096e+01
4.116894706640336921e+01
4.207991828201675588e+01
4.198366049894721641e+01
4.144902756990878601e+01
4.102704798958093590e+01
4.195436159386881769e+01
4.213952653420455619e+01
4.162556775783845353e+01
3.952237210290256542e+01
4.179563996941612203e+01
4.197702188201419204e+01
4.098219153735634279e+01
4.163285314046619590e+01
4.143385940740073181e+01
4.175635018762901751e+01
3.943899819473180912e+01
4.162365003557231091e+01
4.229134078298784516e+01
4.185752080256435192e+01
4.164985896996006431e+01
4.129070600281203696e+01
4.204898711623340546e+01
4.161447797650084368e+01
4.174806750076404427e+01
4.223334020045495407e+01
4.164248615863432690e+01
4.163331440282168217e+01
4.206309716272215127e+01
4.149999802217713807e+01
4.199528230837152876e+01
4.193462378833239512e+01
4.125111811018370389e+01
4.197029375136779095e+01
4.111486676354302006e+01
4.166597391623704993e+01
4.234698306928876121e+01
4.153172311840322095e+01
4.144488469280602061e+01
4.148922116905604440e+01
4.214058878327519153e+01
4.187417105262304062e+01
4.151404980137313316e+01
4.133029922833855352e+01
4.134773480996180695e+01
4.124921833420410877e+01
4.082950661945218940e+01
4.080278689490559429e+01
3.830696339218326330e+01
4.103009931849788927e+01
4.117562046262588638e+01
4.104514080925116559e+01
4.212398784431165666e+01
4.171327467426941382e+01
4.128579613521696245e+01
4.187209587388096566e+01
4.129043212872420554e+01
4.143351134465022767e+01
4.064068994647711719e+01
4.175332852854268140e+01
4.144199328476293687e+01
4.176332626133165604e+01
4.080616067089366794e+01
4.155257176913562489e+01
4.152320273899434255e+01
4.152296892708477571e+01
4.119429462939964282e+01
4.191760713917909698e+01
4.177161379297228905e+01
4.107786648309048871e+01
4.140230789922538435e+01
4.191883703972938235e+01
4.020762353943217704e+01
4.172904050711179735e+01
4.085960682137441324e+01
4.152635753754455550e+01
4.124554094256673409e+01
4.171273851901050733e+01
4.110692693803637354e+01
4.125066758671903955e+01
4.160810666367301280e+01
4.148185958011839602e+01
4.153609755582759533e+01
4.114903785106994860e+01
4.109073083292057049e+01
4.116269370499621516e+01
4.127373167252102348e+01
4.130221480992918259e+01
4.154012618920705791e+01
4.037412904902760147e+01
4.142620951871303703e+01
4.116153196981780837e+01
4.113276454452130793e+01
4.169271513336412482e+01
4.124667566724480139e+01
4.095487276002311461e+01
4.169085604203986861e+01
4.060549068384576543e+01
4.156827523842012795e+01
4.131278911901972606e+01
4.117223039526366790e+01
4.055582886376602403e+01
4.132902169380270152e+01
4.170809733184921697e+01
4.159540270334403544e+01
4.151470632035007924e+01
4.150885948735222541e+01
4.055484825761568146e+01
4.169997786821368635e+01
4.126580776934395089e+01
4.169827013481847899e+01
4.116713446498494733e+01
4.060445552310440576e+01
4.152272388128112368e+01
4.127775741170498947e+01
4.098010539508993588e+01
4.062098968252762887e+01
4.135691230291432419e+01
4.088314538812573318e+01
4.032383858696950796e+01
4.149781787011971090e+01
4.113538769316593147e+01
4.108729027362717545e+01
4.111706945946109215e+01
4.161471291827889729e+01
4.083628492340791638e+01
4.134909813505856135e+01
4.109704369232482435e+01
4.077346615356919557e+01
4.089510561218973095e+01
4.129027395612715168e+01
4.130591806063014815e+01
4.078594895748562266e+01
4.090698924071704567e+01
4.083589950083739950e+01
4.108789219257430148e+01
4.098689389817718620e+01
4.047083373569893183e+01
4.008186760614390209e+01
4.014160696540663054e+01
4.109248403713152697e+01
4.122783597405349809e+01
4.105658125950181159e+01
4.070388346278369340e+01
4.065206515116973662e+01
4.163707015173780235e+01
4.081314708250371126e+01
4.044865048395937634e+01
4.147138320617222007e+01
4.079859291173679736e+01
4.105186072138641151e+01
4.177758197938255336e+01
4.129498445799656281e+01
4.093688020123043003e+01
4.049407620125477081e+01
4.124792528690002058e+01
4.032069221646623447e+01
4.164135988641699271e+01
4.069347057642202969e+01
4.039157280348740642e+01
4.133023285972615213e+01
4.036746224793361648e+01
4.076791713775657655e+01
4.090898727724933792e+01
4.082009687744996285e+01
4.051321072921099642e+01
4.176024337671412212e+01
4.033981283900131842e+01
4.061396875921180794e+01
4.074726446051969475e+01
4.055446963376168412e+01
4.043350995469371867e+01
4.085621043487270754e+01
4.137423891114949726e+01
4.136678999768571430e+01
4.103842481639570394e+01
4.110352466239191216e+01
4.094867755302357182e+01
4.097443588635149325e+01
4.119611577658186974e+01
4.101115829082769437e+01
4.129794941997280944e+01
4.071506032966215827e+01
4.034323705603723198e+01
4.114734565951535217e+01
4.092600283181021581e+01
4.161651740781530862e+01
4.038665617415523457e+01
4.040665021813038749e+01
4.079561801004805943e+01
4.065905551615217206e+01
4.095920575739050662e+01
4.050458476236207161e+01
4.026879915843660740e+01
4.123951387698970450e+01
4.040611030015134020e+01
4.086766402383177876e+01
4.041465454439109095e+01
4.096551423983990503e+01
4.102939146913995216e+01
4.034874750715255942e+01
4.046697153629619947e+01
4.070441231997823195e+01
4.091137986535160564e+01
4.068196249989689051e+01
4.065476928805785661e+01
4.055328310950111614e+01
4.081908381638354655e+01
4.074876406872281365e+01
4.001403411620907491e+01
4.099937227813217788e+01
4.099424221943234414e+01
4.078998715646031314e+01
4.076940811298368317e+01
4.043643814162439298e+01
4.099382077121361334e+01
4.144561624235976893e+01
3.992040300289849597e+01
4.097727055754997139e+01
4.062311039058472772e+01
4.074198299293442460e+01
4.085888040754777251e+01
4.055813077350500606e+01
4.042515988529289217e+01
4.048564009795103402e+01
4.048276799912997603e+01
4.064619609257743349e+01
4.074984222300793846e+01
4.028390057536749680e+01
4.046252016525150452e+01
4.136856871228905419e+01
4.072797584970814455e+01
4.039411287578332121e+01
4.011969513926928954e+01
4.097833406994796945e+01
4.001258278382945832e+01
4.029210384414883350e+01
4.056324403959492031e+01
4.059746764470469316e+01
4.103192982495655627e+01
4.043692335582410635e+01
4.060684827969018329e+01
4.050384618982077001e+01
3.981117056727043035e+01
4.065671241870732899e+01
4.020115134399292600e+01
4.102810544099574486e+01
4.084245539776228640e+01
4.026921999981918532e+01
4.028461263831550099e+01
4.054584002927291664e+01
3.971197986689820425e+01
3.992846348664755851e+01
4.016476822813135072e+01
4.049747728067109165e+01
4.082127717349387552e+01
4.043049645482475540e+01
4.093497648454936666e+01
4.042823934608051673e+01
4.005525041421871890e+01
4.022288709055007416e+01
4.007755146278590530e+01
4.027948091029197286e+01
4.041739892446121729e+01
4.061418070894227839e+01
4.089714347179678100e+01
4.046095469422849078e+01
4.021217229466002152e+01
4.080206985341427384e+01
4.058623010827014355e+01
4.066031724104105649e+01
4.056745336074713038e+01
4.028108580811250050e+01
3.961819142087672674e+01
4.080076794775433768e+01
4.009416518475419622e+01
4.066604696701082133e+01
3.993944126740493061e+01
4.011463707343148144e+01
4.077988120980625553e+01
4.076688458322522024e+01
4.062043388634337759e+01
4.036634635864761123e+01
4.053968096319700010e+01
4.036011793335564590e+01
3.993894354618023357e+01
4.056787184197087015e+01
4.050943757474214379e+01
4.059797663803384893e+01
4.110420044663423766e+01
4.063029848855452286e+01
4.012440977898491923e+01
4.002621501471445953e+01
4.005432514600153837e+01
4.047559961274100004e+01
4.048064511704214397e+01
4.020393558986382487e+01
4.047241853536667122e+01
4.049341434973226228e+01
3.981661091085872073e+01
3.994598692547393881e+01
4.050495294107754063e+01
4.060139491906944897e+01
4.007111609608818981e+01
3.996929117393272435e+01
4.038315162614434684e+01
4.030052461382082640e+01
3.961215931349382657e+01
3.964284546911939344e+01
4.016066870693040869e+01
3.999557998382861257e+01
4.052904218765118571e+01
4.042604480671311507e+01
4.012026787429911678e+01
4.087822783105242763e+01
4.019051065205553641e+01
4.034643753059275184e+01
4.015680843374514097e+01
4.024552328679624225e+01
4.008972010851898204e+01
4.087008375750423284e+01
4.059533877593468532e+01
4.004482791861622104e+01
4.043738451219878272e+01
4.047307718649632591e+01
4.020518048538471589e+01
4.039299823320340721e+01
4.056787350381245716e+01
4.050197191926154261e+01
4.014861697204329971e+01
3.978088095588885409e+01
4.072070787612796749e+01
4.002339578208873405e+01
3.990725459264746178e+01
4.050443687559963735e+01
4.068789375316514878e+01
3.974193955288981783e+01
4.090698187151193110e+01
4.034774307561610129e+01
4.051138508605445310e+01
4.053607648213650094e+01
3.964694148199957624e+01
3.975077297663366238e+01
4.060799621821915650e+01
4.029052178139462370e+01
4.034168671389036120e+01
4.035167702215640873e+01
3.985549152242516158e+01
4.055519831408896181e+01
4.010900885348095812e+01
3.962480315969436617e+01
3.991566931666606166e+01
3.951513291138913786e+01
3.986842878089833420e+01
4.001389919982377563e+01
4.057493524917020977e+01
4.015914777943341107e+01
4.025580175210659917e+01
4.021252761883845039e+01
4.037141229897470396e+01
3.987383554601088775e+01
4.040169427766704757e+01
4.025911703835642896e+01
4.013220377575093778e+01
3.994147338208549769e+01
4.031374896170300559e+01
3.989496475456422786e+01
3.989963148041672270e+01
4.066379077788199936e+01
4.033931840243283062e+01
3.996927021716658146e+01
4.026073047689193629e+01
3.997578764818544528e+01
3.988505073283101154e+01
4.022590884805890710e+01
4.018372071669919876e+01
4.080624227999965825e+01
3.972278659912291943e+01
3.976193802975424063e+01
4.021966698385758576e+01
4.061413406052753317e+01
3.974388388304743103e+01
3.989277329294564112e+01
3.988670382418202109e+01
4.040709371202220268e+01
4.015147220827613950e+01
3.960845201605936694e+01
4.005761470978588790e+01
4.016268339742871518e+01
4.026419394161468546e+01
4.019385022377966266e+01
4.049718238082956390e+01
3.978833723483599982e+01
4.003378343876629231e+01
3.921442512647457335e+01
3.982657389289285987e+01
3.995215715443582383e+01
4.008656177053404690e+01
3.984058962470518139e+01
4.048020724395780690e+01
4.009582223183068805e+01
3.991837329500594223e+01
3.995243157321851157e+01
3.967519869448902625e+01
3.981119435010454310e+01
4.015612090169665294e+01
3.972213559161323104e+01
4.053613425226430422e+01
3.963575957512752268e+01
4.000941153811830731e+01
4.003651087932241381e+01
4.024648786910125153e+01
3.977015941885204597e+01
4.013848095463691124e+01
4.023739001831280859e+01
4.007460906223928987e+01
3.946200665840775912e+01
4.037286896352500065e+01
3.952998017577128564e+01
4.008525162189067714e+01
3.999081845211291153e+01
4.019275759278741589e+01
4.007920906620601187e+01
3.948371644943453873e+01
3.999982487680171062e+01
4.034707368247813974e+01
4.039186308445986384e+01
4.027116481448202734e+01
3.980091670923395952e+01
4.035843186341462996e+01
4.024798493669247534e+01
4.000575088470537111e+01
4.003594459300003194e+01
3.949731242151541011e+01
4.030431053001458963e+01
4.046180181840597356e+01
4.025738352557650757e+01
3.982861866210810575e+01
3.983711219343511090e+01
3.972493704616800159e+01
3.981776440787039917e+01
3.978828593761011945e+01
4.020655508052043103e+01
3.996726100489755851e+01
3.997874171584949465e+01
4.030981131193699696e+01
3.986979356234302685e+01
4.017134931091972305e+01
3.986315460893105467e+01
4.043662585667147624e+01
4.022440120207604508e+01
4.011092884265597291e+01
4.006788242246744858e+01
3.969265154235926474e+01
3.988257726232843936e+01
4.021052651849442583e+01
3.924289421367782182e+01
3.933308833577209640e+01
3.997072525174035462e+01
3.948488122055704252e+01
4.032074165165732893e+01
3.984783208603125360e+01
3.964340801403172065e+01
3.986315082520003727e+01
4.015396873155608404e+01
3.996362917478088406e+01
4.032582967429878806e+01
3.977231288444593815e+01
3.954034629455172478e+01
4.009284970651599167e+01
4.019001718701861137e+01
3.990421722506020785e+01
4.014767384775304038e+01
3.910658897153853530e+01
3.955824263552471365e+01
3.987576726919242276e+01
4.028571032430339471e+01
3.999940189777305477e+01
3.971127689197994926e+01
3.943522604864983094e+01
3.993311681401452518e+01
3.979198344275715726e+01
3.995837875614972745e+01
3.968126866650178641e+01
4.003707431903441005e+01
3.987716214422607663e+01
3.989892853821883989e+01
3.986123169018742374e+01
3.983027094705607141e+01
4.034225234067571364e+01
3.957645368108766348e+01
3.978908805208676824e+01
4.015170839433120875e+01
3.966206131957415693e+01
3.990484200162453021e+01
3.953795680783922251e+01
3.946669550030031104e+01
3.988631328252925812e+01
3.974300553582042994e+01
3.940890750476624760e+01
3.946956311400095530e+01
3.958560958588003587e+01
3.981140062404806201e+01
4.004227682724189208e+01
3.981684300406848109e+01
3.987352421076778342e+01
3.971208906151548490e+01
3.945475983442069179e+01
3.980013503882014447e+01
4.029586068166715052e+01
3.957401209341833948e+01
3.996341179676729638e+01
3.966029653664984522e+01
3.999279090727345931e+01
4.066802869360893880e+01
3.914599819316698870e+01
3.968660688604607856e+01
3.956966316168399800e+01
3.947729176982500832e+01
3.950570139818822923e+01
3.987383986256779167e+01
3.960334948879366124e+01
3.985950332921500916e+01
3.961819219367639278e+01
4.001077265086838963e+01
3.953694363177488924e+01
4.005942270391624760e+01
3.927337019912213378e+01
3.938195528534640033e+01
3.975414431386013803e+01
3.945777155599728303e+01
3.973381229195085496e+01
3.933207705418688960e+01
4.001695870377752584e+01
3.957050328172248754e+01
3.945688658549398298e+01
3.970600835016674068e+01
3.910578542737501095e+01
3.984609263679658397e+01
3.972558988153912196e+01
3.976114927501387797e+01
3.928528303950586320e+01
3.989916617232883311e+01
3.970245957743630782e+01
3.988181394690577264e+01
3.918216725419279811e+01
3.996382372628268342e+01
3.983909460545403647e+01
3.939068378346156152e+01
3.895259188007077711e+01
3.975198070321072663e+01
3.976306062276931641e+01
3.959806423199819392e+01
4.003595432385777997e+01
3.963322830972529687e+01
3.956233708858270859e+01
3.971746181933718844e+01
3.917263302536805725e+01
3.949203018441511404e+01
3.938057344763265633e+01
3.920777142076483557e+01
3.947358965878046888e+01
3.914478035739308126e+01
3.940399058104337371e+01
3.928507122438778509e+01
3.965867453425688893e+01
3.928817259294811493e+01
3.908502714721755211e+01
3.991786263022147807e+01
4.011051948891419983e+01
3.923026887746137703e+01
3.978495972613131926e+01
3.975196569912351663e+01
4.011049778584106207e+01
3.926096469611389495e+01
3.872658802825527857e+01
3.975979494280599624e+01
4.013858549851002522e+01
3.934817586661355904e+01
4.000480944082060120e+01
3.977189027422151923e+01
3.984661141665551298e+01
3.941553875278617625e+01
3.976836590805824301e+01
3.921642677889845174e+01
3.900099902042027367e+01
3.981786323692784180e+01
3.943254429028489483e+01
3.971805723338351868e+01
3.921878285031147016e+01
3.993901505996072387e+01
3.931738001369541280e+01
3.973340461391100575e+01
3.899159379942385328e+01
3.988044892138596964e+01
3.946058478928940616e+01
3.953240097004690057e+01
3.937901293183382023e+01
3.953955649065231626e+01
3.905473599258648676e+01
3.970797007129014844e+01
3.931438364509131844e+01
3.914396807463845107e+01
3.895811773580680892e+01
3.951742276988507285e+01
3.955962826664384124e+01
3.960530129595298376e+01
3.981372157266250866e+01
3.929352566059534269e+01
3.950076918176382890e+01
4.003146796627940063e+01
3.961318611171036252e+01
3.916204568032579658e+01
3.914192103377519061e+01
3.967901716812612989e+01
3.901949795237031537e+01
3.960034255560123029e+01
3.971434139061882007e+01
3.952398902477646914e+01
3.961359844432786304e+01
3.931538784935152364e+01
3.964260005856496605e+01
3.975860867654508723e+01
3.975607621753610488e+01
3.972279755091881981e+01
4.002334476360324800e+01
3.943857642095438365e+01
3.952067548543454478e+01
3.951358517689912730e+01
3.954699735118914816e+01
3.945726663997597683e+01
3.977547799406793416e+01
3.961391270373123064e+01
3.942711535469805284e+01
3.970692962812859150e+01
3.950865767073371160e+01
3.932278647389697568e+01
3.965379233257186087e+01
3.931577812498775870e+01
3.960815448992487831e+01
3.945988665908609505e+01
3.960348930709606918e+01
3.979342049076339549e+01
3.907306332572567698e+01
3.909806098228436610e+01
3.929610255718355205e+01
3.940854433583353966e+01
3.932177701402758885e+01
3.933178584508905118e+01
3.922982170216796050e+01
3.964407907316768132e+01
3.969069424390882972e+01
3.975720452318689979e+01
3.903015808848883950e+01
3.955182807846088622e+01
3.935584140730131253e+01
3.967335224264132165e+01
3.943517685978168430e+01
3.977369793855022095e+01
3.900935201067806446e+01
3.959483188548549748e+01
3.941417148365735557e+01
3.880184465406049554e+01
3.958195602616473963e+01
3.908711790077583714e+01
3.914454127205133460e+01
3.935040797101736132e+01
3.893044850668616874e+01
3.960172453040044616e+01
3.957085645187088119e+01
4.006958461613155720e+01
3.932091905100794804e+01
3.914496697730847785e+01
3.908511792146602914e+01
3.933434887878719621e+01
3.922759912453701503e+01
3.963669222249394863e+01
3.969524092983984787e+01
3.950097447631632974e+01
3.901056948974305527e+01
3.919314059003754380e+01
3.911378681937107871e+01
3.968649117420153516e+01
3.995247068115673983e+01
3.950245759847784655e+01
3.927379920396096935e+01
3.986076880945857681e+01
3.911269307768934311e+01
3.944871880755419369e+01
3.912114956039111746e+01
3.903924640489830722e+01
3.960197010740310475e+01
3.956762985878810213e+01
3.889409653047282234e+01
3.922202661452109851e+01
3.936356168060318339e+01
3.928600939752107735e+01
3.899576470137800044e+01
3.976841768860956705e+01
3.975982134936318602e+01
3.930743504360282969e+01
3.897378174954754826e+01
3.955746716371488958e+01
3.978277250047759850e+01
3.943479607755570981e+01
3.968174342441349012e+01
3.940738303754049809e+01
3.993001285277237145e+01
3.937997902421790286e+01
3.986793677289870175e+01
3.974084389581771859e+01
3.947304260615579352e+01
3.953698286908498005e+01
3.933285880462552342e+01
3.894478475778738868e+01
3.904250983604082847e+01
3.936379419887938980e+01
3.959201390409630505e+01
3.963064817747768132e+01
3.964250282573447492e+01
3.851948551992458647e+01
3.932656080575042523e+01
3.966594683335991789e+01
3.910431984977095254e+01
3.904734354460804724e+01
3.959488415907879499e+01
4.004108708379155246e+01
3.947053148835320258e+01
3.962330267889076651e+01
3.904228149930951020e+01
3.921668840801578426e+01
3.918159422304979955e+01
3.953785749519530412e+01
3.964280878654855655e+01
3.912565660670561130e+01
3.946979893738743783e+01
3.948661857313172163e+01
3.954578369470696231e+01
3.935189385850788568e+01
3.940154810743578651e+01
3.919509392170978401e+01
3.941749088193574835e+01
3.929870092644506485e+01
3.922401855204218180e+01
3.910667457837606520e+01
3.866970317448186734e+01
3.915670087311655578e+01
3.907665549998869636e+01
3.961829502501505829e+01
3.948929610135309076e+01
3.928046271389766275e+01
3.902574594423713705e+01
3.919175943170778709e+01
3.937487449477167445e+01
3.954685157005329899e+01
3.986378775311168710e+01
3.943097186450080471e+01
3.882565509743083965e+01
3.958424834235842837e+01
3.889352841195650967e+01
3.915390183509130395e+01
3.942122803075919535e+01
3.932485732997097472e+01
3.934126253237713655e+01
3.870939847112614984e+01
3.884462787145032081e+01
3.890124571612381743e+01
3.990078203954299596e+01
3.901982542269051635e+01
3.918832436003723529e+01
3.941255130692441355e+01
3.938154355074934188e+01
3.899984788678390402e+01
3.949365857863312357e+01
