3.550184640577921868e+01
3.558443146374677468e+01
3.380257606187063146e+01
3.415656400060979081e+01
3.446906650694980101e+01
3.451385057961345382e+01
3.375471756354627217e+01
3.301057222295914784e+01
3.418521292425981528e+01
3.294465651421733554e+01
3.341736066594821608e+01
3.317355072975161789e+01
3.296814967577465438e+01
3.281489413738784577e+01
3.285810709458080225e+01
3.287770345102754987e+01
3.277206630464170445e+01
3.299710828026132958e+01
3.285053657669054417e+01
3.268870047455844485e+01
3.286191999999688562e+01
3.266931107446112037e+01
3.286098647871919098e+01
3.274104759602565196e+01
3.265284401011059856e+01
3.271467104053555630e+01
3.271185770550706451e+01
3.262131819489903251e+01
3.257444172293625684e+01
3.261646700443446178e+01
3.270459895621473123e+01
3.261693271916687564e+01
3.270803493467681733e+01
3.272475428345624948e+01
3.290592538397373801e+01
3.262289434296638291e+01
3.249077801050820824e+01
3.270278970633653870e+01
3.259221934456250835e+01
3.257204225085585136e+01
3.270951198617498790e+01
3.273665059709610858e+01
3.263856337650022965e+01
3.278292947753116948e+01
3.264000838655243797e+01
3.254360293998620079e+01
3.279775375118145320e+01
3.271830412679812383e+01
3.255509464964396926e+01
3.265220281659123458e+01
3.258498139895912971e+01
3.261510819160884012e+01
3.265304083181009531e+01
3.249856558490655090e+01
3.259353446341557969e+01
3.250240768407343239e+01
3.275571184695390059e+01
3.261911371251287761e+01
3.259954288940054568e+01
3.273959794634419751e+01
3.275206630967033306e+01
3.280350564967974236e+01
3.264016691614066445e+01
3.259064577559512088e+01
3.268786992563509841e+01
3.259099317926726513e+01
3.262132698078159621e+01
3.266218428231896809e+01
3.258848528996771421e+01
3.264326669152146820e+01
3.276048620290203672e+01
3.260657386999908169e+01
3.275180662238100382e+01
3.269597010090609501e+01
3.258361965339615551e+01
3.261383922029597215e+01
3.265572383377666199e+01
3.259487342551668831e+01
3.263390949449409106e+01
3.263273412255276185e+01
3.262101709493916957e+01
3.281835685068407571e+01
3.275791868431333143e+01
3.263670278939436997e+01
3.262845584872008686e+01
3.266985575086678750e+01
3.261271423194214236e+01
3.262015046536983220e+01
3.270249588508240635e+01
3.261857044727603494e+01
3.260387720445480397e+01
3.262758377625544881e+01
3.251677460062272473e+01
3.259568396172103633e+01
3.267266663199159638e+01
3.256911565379738249e+01
3.254625311846773883e+01
3.269630560643988559e+01
3.252840155791378862e+01
3.270911728085309278e+01
3.259194233988301193e+01
3.260975978530256469e+01
3.252672302003779237e+01
3.266975406339473409e+01
3.258822583554994878e+01
3.253071669520111442e+01
3.256749943185953100e+01
3.256539338495822733e+01
3.271925269585734952e+01
3.263825445922064716e+01
3.266213518534519267e+01
3.265133817382810122e+01
3.271160880994231235e+01
3.285211556416910383e+01
3.259073289723005473e+01
3.256724278340249157e+01
3.266967720259687979e+01
3.267974543079350980e+01
3.265518633515522140e+01
3.271415644498335240e+01
3.258130977365396319e+01
3.274827759282939610e+01
3.265076565292827127e+01
3.266996922442125850e+01
3.267259572187151662e+01
3.259188868320353549e+01
3.260481964881711292e+01
3.273663944864754427e+01
3.277087109300268253e+01
3.267882054029604433e+01
3.254818277409789573e+01
3.273553809254220681e+01
3.293770764289580910e+01
3.261624208543410930e+01
3.277415658888762096e+01
3.263057954744126476e+01
3.260026124215548293e+01
3.258499808788125307e+01
3.256136371157952425e+01
3.267773826693998984e+01
3.260933545782853571e+01
3.262319184817617668e+01
3.256963474324031438e+01
3.274367966961872867e+01
3.254383113094277746e+01
3.267269579650021427e+01
3.263641276543661718e+01
3.261780920896318037e+01
3.269207178716457918e+01
3.294234423858545568e+01
3.265890727810233329e+01
3.264695528653923162e+01
3.264531035815075910e+01
3.267919573706426206e+01
3.257613653989145774e+01
3.266088813175863947e+01
3.255599581750385596e+01
3.264807495565636231e+01
3.264172357896423904e+01
3.271405877885501212e+01
3.261319927868203905e+01
3.255199969211510336e+01
3.267734265229136525e+01
3.269111873283312519e+01
3.262815208265290323e+01
3.267274079313375523e+01
3.271481501959122085e+01
3.276561018950702930e+01
3.256627403006554289e+01
3.277721887994977834e+01
3.283539851644447083e+01
3.270459067673290576e+01
3.278289736970612012e+01
3.270591443973373202e+01
3.274822032252612303e+01
3.277830956508282867e+01
3.265201671843481535e+01
3.261347016440863911e+01
3.258537351823826356e+01
3.272968613960558315e+01
3.264307743545818141e+01
3.255635303490878840e+01
3.297889797727240335e+01
3.265961738910925760e+01
3.256320913321499688e+01
3.270192612696827439e+01
3.291916029997473458e+01
3.268815199093362622e+01
3.273996733941649495e+01
3.305532018479566858e+01
3.267095209744150708e+01
3.263376191893009093e+01
3.283723758807120419e+01
3.264052064272322440e+01
3.279076206864817777e+01
3.265688128713973271e+01
3.298083990811567645e+01
3.276886596752474645e+01
3.258983757021572103e+01
3.287745910995630538e+01
3.274367052443462711e+01
3.271714243710421499e+01
3.261495542096150757e+01
3.273604932465669748e+01
3.287271527404023175e+01
3.279225598289454524e+01
3.287735874067480779e+01
3.280614171734285378e+01
3.285956262541150608e+01
3.257913352991980105e+01
3.278608363449998109e+01
3.256464662335039861e+01
3.260802899937502275e+01
3.262518773329533417e+01
3.280183352647919293e+01
3.284050532509063913e+01
3.282688704399368618e+01
3.267360437971976950e+01
3.264725962749511723e+01
3.276983820476358034e+01
3.282902628309718551e+01
3.263325095821600996e+01
3.273059713295516815e+01
3.260889099247623335e+01
3.265339582568022081e+01
3.272918729219794898e+01
3.265698878782986725e+01
3.264994481085503963e+01
3.276897067242980199e+01
3.270874253393946418e+01
3.283432758361563941e+01
3.265146119382371381e+01
3.271147460416931096e+01
3.279020401503523630e+01
3.283619088083802495e+01
3.303821707421701603e+01
3.322697146078233033e+01
3.308095394378209164e+01
3.271239526830105859e+01
3.292837033845743377e+01
3.295821330392559645e+01
3.288011312957168997e+01
3.269292917933392317e+01
3.273246353149369980e+01
3.262182746114839915e+01
3.283836733881709335e+01
3.277003719160864392e+01
3.286643281740463607e+01
3.293413153841148500e+01
3.262358631779252249e+01
3.253138000144178221e+01
3.281566429663480733e+01
3.286182245855059847e+01
3.267737889923641603e+01
3.255842129650650918e+01
3.262619374735314892e+01
3.282280431052485170e+01
3.257879617895447666e+01
3.285746124880110131e+01
3.288818549967227511e+01
3.300487349557444361e+01
3.322631919033952386e+01
3.292899862772913622e+01
3.280066707966912531e+01
3.282006778047356477e+01
3.296188126619264835e+01
3.255929749987591748e+01
3.258785158303249574e+01
3.282319253629612632e+01
3.258210672568646515e+01
3.273111395525548062e+01
3.285129164873539764e+01
3.280259965741956307e+01
3.270017713538930337e+01
3.271111425071896406e+01
3.264193476393229787e+01
3.279431041821796100e+01
3.316795159821241867e+01
3.283785703271063738e+01
3.275543152227534449e+01
3.272447786664942271e+01
3.280461619106714011e+01
3.266662725353028662e+01
3.270831765363330135e+01
3.298089907500001772e+01
3.284834463243856817e+01
3.282245246159748575e+01
3.286801167706050819e+01
3.283253983673256471e+01
3.268626448271545826e+01
3.288746203341200669e+01
3.277760553031084356e+01
3.283850861176768632e+01
3.325566875064716754e+01
3.270906376758124878e+01
3.276890008745219518e+01
3.273780047443334951e+01
3.277327190435739368e+01
3.270894766085815064e+01
3.277950434526251655e+01
3.283043841891364423e+01
3.277838246063039662e+01
3.263278488849006465e+01
3.294524579780678408e+01
3.274587329139613701e+01
3.280763735417440330e+01
3.266969389565083759e+01
3.279473936366130005e+01
3.315840761640374978e+01
3.273232718351653858e+01
3.312322870711413003e+01
3.300296487976851267e+01
3.265954767985707718e+01
3.279760114928039627e+01
3.282160395054705049e+01
3.263646416167345166e+01
3.296695532805596685e+01
3.279919187990828533e+01
3.279814368946492209e+01
3.314002980690757738e+01
3.293461825070458104e+01
3.285328455351790922e+01
3.275482649311947370e+01
3.285580396769539391e+01
3.275598082235651987e+01
3.292285171278157918e+01
3.277167600893495347e+01
3.307453399528393589e+01
3.277316829159634892e+01
3.283534363590326421e+01
3.266897218258775837e+01
3.292726031191120484e+01
3.282919188588701331e+01
3.279001703461725725e+01
3.275630948594761094e+01
3.298120729441772880e+01
3.282290417569118546e+01
3.282172059371246320e+01
3.280436814030939985e+01
3.274884087521888887e+01
3.290359655259442206e+01
3.265300971420999332e+01
3.324174408759561317e+01
3.290160560318693683e+01
3.310291325739703439e+01
3.284822813936830244e+01
3.300624210391305269e+01
3.284302750853345287e+01
3.282959559992566767e+01
3.296227602682120050e+01
3.281628824060393868e+01
3.285235990456423139e+01
3.296033019386651119e+01
3.297355819378330466e+01
3.282509603241886253e+01
3.267188503864390725e+01
3.299606144319813694e+01
3.287642469395096612e+01
3.283672393500489761e+01
3.282807804426749954e+01
3.273495539331752013e+01
3.303444562899256454e+01
3.264628956866458509e+01
3.290187086692294827e+01
3.279269000378107535e+01
3.289152967756128731e+01
3.293923128832622638e+01
3.321442649157601323e+01
3.299030326955762860e+01
3.308738857423809065e+01
3.275121075166077844e+01
3.298164243111984462e+01
3.305424032099598008e+01
3.290763842854914145e+01
3.280064492881013649e+01
3.313230071378538355e+01
3.297253890240974528e+01
3.304274088313425750e+01
3.304168936540737178e+01
3.278366376209182675e+01
3.287569438239260933e+01
3.275417364790016705e+01
3.306659250249830961e+01
3.309532165581337182e+01
3.273112174033565225e+01
3.299944873470719386e+01
3.304508804455558391e+01
3.305195268833215749e+01
3.291939108593803809e+01
3.272013592162485907e+01
3.303492464109460514e+01
3.303488370439509225e+01
3.296272053241011690e+01
3.269332515733787403e+01
3.299911024787230929e+01
3.280453852308931317e+01
3.308445501553114809e+01
3.268308463293933386e+01
3.279915342508948584e+01
3.297324128092282081e+01
3.315050665842282029e+01
3.269688036858228486e+01
3.275026285453315467e+01
3.513785873452287234e+01
3.306343815750680193e+01
3.284257164477926949e+01
3.294786710244365935e+01
3.277081501561242760e+01
3.292345894508773085e+01
3.294767704105964157e+01
3.288163418274320549e+01
3.298089541235997046e+01
3.285837062925853758e+01
3.310508076337768557e+01
3.883880919075956228e+01
3.276504989418208424e+01
3.276841205002444468e+01
3.273171826739898904e+01
3.276175889532905217e+01
3.288254150221496275e+01
3.287152272132266262e+01
3.310621905146982158e+01
3.288098458492293474e+01
3.298375902761633682e+01
3.368576827475350655e+01
3.365182691628537270e+01
3.961461003439060846e+01
3.287383403167417839e+01
3.289643724894612831e+01
3.303973490104238664e+01
3.294371560672160371e+01
3.322883603867802549e+01
3.285760607167377856e+01
3.288476625980124624e+01
4.039353307785307123e+01
3.308236689073004300e+01
3.308857443182645852e+01
4.048714088839487601e+01
3.286083359288140571e+01
3.344443393346821125e+01
4.142042633538319762e+01
4.207403947756811391e+01
3.273807725999611051e+01
3.285610483551057115e+01
3.294474698087147146e+01
3.306315010836743795e+01
3.360656653004395622e+01
3.285041638063706415e+01
3.342114550679296059e+01
4.280333743684791870e+01
3.273130932070957044e+01
3.271988740184238509e+01
3.288257279959904622e+01
4.270763369102139251e+01
4.355147880491128376e+01
3.277003217947219582e+01
3.298315611873693598e+01
3.314365325960675790e+01
3.276684059519840986e+01
3.356855194725434899e+01
3.307673127176057193e+01
3.353648825647351828e+01
3.337463473823806481e+01
3.285009677534741002e+01
3.312408533578891934e+01
4.352183209799421348e+01
4.421632527867799922e+01
4.445911406015858347e+01
3.409430659799118501e+01
4.389346028266589883e+01
4.511527402415323706e+01
4.375919350525438745e+01
4.397915681206993810e+01
4.365752388973587017e+01
4.521926305403192003e+01
3.267909525456055775e+01
4.378566722051341031e+01
4.424904441646597064e+01
3.292257595397884984e+01
4.387049998682281426e+01
3.316915468000668454e+01
3.282346101668913718e+01
3.814466734970150696e+01
3.783695418945145406e+01
3.871774348288236212e+01
3.849216208645095350e+01
3.900560434261204534e+01
3.801136273627074758e+01
3.693566412802148591e+01
3.849407378915411471e+01
4.461246934332111636e+01
3.316450127832619899e+01
3.911655511407148822e+01
3.914782192322464027e+01
3.939541535086370772e+01
3.764836239941125484e+01
3.951101646780431054e+01
3.564598921566628320e+01
4.462567438991049329e+01
3.787105387535973477e+01
3.968719281592085224e+01
4.437510237216592657e+01
3.670170418784112343e+01
3.760241014044609642e+01
4.006776399262056998e+01
3.822334276259287122e+01
4.453351039556989122e+01
4.514917833942978831e+01
4.475930732192524175e+01
3.845443023278442496e+01
3.794751688921131461e+01
3.720270804340492532e+01
4.500362478074941208e+01
3.936937862071998495e+01
3.785709749230986176e+01
3.962868877083624852e+01
3.949812046282426792e+01
3.968554161255750756e+01
3.832457238235718222e+01
4.562513054591165229e+01
3.940210615519056603e+01
4.554005330534996432e+01
3.756257678118324606e+01
3.859348432371947979e+01
3.870316331074136684e+01
3.902085016987835075e+01
3.801718475638924843e+01
4.512538329833742523e+01
4.053323028854054400e+01
3.875514998962031399e+01
4.495812454304924444e+01
3.928236367536846529e+01
4.591906977764303832e+01
4.342602060368296435e+01
3.781877636470570536e+01
4.096019473938607547e+01
3.979540741849347540e+01
4.009241909962570816e+01
4.523993604269232804e+01
4.519922329975284470e+01
3.794176646706159772e+01
4.529583530547936476e+01
3.963484739031238746e+01
4.561796061993315021e+01
4.593211659682201997e+01
3.961510293203983224e+01
4.599965189086510264e+01
3.885859179726815427e+01
3.984944633002281478e+01
4.528532847753544388e+01
3.954957842194250617e+01
3.897101976073807350e+01
4.032875516096032698e+01
4.444191014006189988e+01
4.610879725812574037e+01
4.546826065727395871e+01
3.966240227077189928e+01
3.781376911393419249e+01
4.433497155838317383e+01
4.546294157909587597e+01
3.846208577495475112e+01
4.517690021715316817e+01
4.039216383229697982e+01
4.496930793183906871e+01
4.536834078625471278e+01
3.986360027285731178e+01
4.426574999015469558e+01
4.485520253402974333e+01
3.892754209764032680e+01
4.590470714689567444e+01
3.922447908997104804e+01
4.528689263469436810e+01
4.018653458288457614e+01
3.996789220455253400e+01
4.508484475195290031e+01
4.524882751426544303e+01
4.508050084002238123e+01
3.884787241921030443e+01
4.486326155645488001e+01
3.993303110784514587e+01
3.881298229996174598e+01
3.730687712034967518e+01
4.582672540391176597e+01
3.784698679902790275e+01
4.514447556357938396e+01
3.839749571575382703e+01
4.540330788368360260e+01
4.511553357154986799e+01
4.681706526142986746e+01
4.559838034847285115e+01
4.515745906064656623e+01
4.586421503510735675e+01
3.944900555684851184e+01
3.976195424399976019e+01
4.572241243186074655e+01
3.890255503919996016e+01
3.944028699866151300e+01
4.488951210582894191e+01
4.610243953165625186e+01
4.588246485206394709e+01
3.926441153263258599e+01
3.879149688262818785e+01
4.457769889242161554e+01
3.829867947764144276e+01
3.981153950297474609e+01
3.899740981631580894e+01
4.565613751260428188e+01
3.996100322219459144e+01
3.853981328608380608e+01
3.916621471284841505e+01
3.889439377833718225e+01
3.981921405867038999e+01
3.934371401196484896e+01
3.803925752439982944e+01
4.513047542892034869e+01
4.533019286021364991e+01
4.034475939264898869e+01
4.005478001845063574e+01
3.861469736769040395e+01
3.822273466594717206e+01
4.017830050397525810e+01
3.774505088365532401e+01
3.886804060939237360e+01
4.595923551174074362e+01
3.956331826607434010e+01
3.906620928568316486e+01
3.889481592316743530e+01
4.577547635392296854e+01
4.531143120786168765e+01
3.698186132594079822e+01
3.858471902441453949e+01
4.486865526706927909e+01
4.462375729441028938e+01
3.846071041146952041e+01
3.868351481770577749e+01
4.556466363679994203e+01
4.576134574409503841e+01
3.965285176637191711e+01
3.860490281188540251e+01
4.503361489272740670e+01
4.479933684063629329e+01
3.879838778425437340e+01
4.504170388448960693e+01
3.798336312768103085e+01
4.508006133288998996e+01
3.981233654953881285e+01
4.523121901182423699e+01
3.944529029861159586e+01
3.941281443701029730e+01
3.892127694882125155e+01
3.836508183175838127e+01
4.494352539050027673e+01
4.425604554605326513e+01
4.512373118301748320e+01
4.559052282132871170e+01
3.856659735699646774e+01
4.437476799671120631e+01
4.000387309415557979e+01
4.452807629373599951e+01
4.470873102683736988e+01
3.915160807473504434e+01
4.432689114815559606e+01
3.914987004456467901e+01
4.480405447249489725e+01
3.849907624372893622e+01
3.921047694822063789e+01
4.427380839692367687e+01
3.939588613029403774e+01
4.451902310893053993e+01
3.708364355286518332e+01
3.785337468331022137e+01
4.419897710778243294e+01
3.812114484850707896e+01
3.861284008433506187e+01
4.398057627148970994e+01
3.830837392853384671e+01
4.454773168577286668e+01
4.500947502808449485e+01
4.422759574991678022e+01
3.736597416207043665e+01
3.850132786118019368e+01
4.482400540834220948e+01
4.437600290963412419e+01
4.509755540986083133e+01
3.788607802219103604e+01
3.771569256567391903e+01
3.824910940389737135e+01
3.805099199566575408e+01
3.867118866365927943e+01
3.828179855502791185e+01
3.875667346934456958e+01
4.377351477497366261e+01
4.441678584372309047e+01
3.867558337424973303e+01
3.696520603105063429e+01
4.340632977657920577e+01
3.769159301503319170e+01
3.921233501108274311e+01
3.854263022338253109e+01
4.338484427726259440e+01
4.416232269003591426e+01
3.796383272374599471e+01
4.391162941976345024e+01
3.858067716103622757e+01
4.340061669055766913e+01
4.495092868662983676e+01
3.634373576464510336e+01
3.774786198149355698e+01
4.414684120069336615e+01
3.755200974157695981e+01
4.370297084725208236e+01
3.805459732764192893e+01
4.345984092657739950e+01
3.875852156574117657e+01
3.846980599849967319e+01
3.842601791388370458e+01
3.871797075473210725e+01
4.338148614110446033e+01
3.819431469317314765e+01
4.416540688503509671e+01
4.349592402901637200e+01
4.398816539484214161e+01
4.427569060764847819e+01
3.819115532954231185e+01
3.707069254494579980e+01
4.377107236143063318e+01
3.840702706456854543e+01
4.315407605736801600e+01
4.378443326154118864e+01
3.761769101539371718e+01
3.893031857507695292e+01
3.810790851648349786e+01
4.332256388179698803e+01
4.403020612212846174e+01
3.896417662608278931e+01
4.354480872566316663e+01
3.699857938349733644e+01
3.773777398270238592e+01
3.688210108592080871e+01
4.350207118824785368e+01
3.705056884861465960e+01
4.348138719542705388e+01
3.748334337671754923e+01
4.326407239197585142e+01
3.835525482891414839e+01
4.303980262017186931e+01
3.795645033813461566e+01
4.358245352822584096e+01
4.328743569937656588e+01
4.361635335864493612e+01
4.431110811453973497e+01
4.411350761762659545e+01
4.440369224687346161e+01
4.455944109373792372e+01
3.760105037186172439e+01
3.679727310222215664e+01
3.684600874291578521e+01
3.624215913081121698e+01
4.272819395543915988e+01
3.693895322895093614e+01
3.786845660392555146e+01
3.926289125251736323e+01
3.673114518146073237e+01
3.769035885700550637e+01
4.331419323223576612e+01
4.316654178483319271e+01
4.350500093119140388e+01
3.895463540410855785e+01
4.360351027883170616e+01
3.749181947460790099e+01
4.378284321075801699e+01
4.351207374000767203e+01
3.672899140756833702e+01
3.882517266054639293e+01
4.310984667784477864e+01
3.735350201986438634e+01
3.691939109990610035e+01
4.278615244075424329e+01
3.659874108096171597e+01
3.665810345943719284e+01
4.279455341597451223e+01
3.735427231194484676e+01
3.731079789943177616e+01
3.709588775517116943e+01
4.234239773790912409e+01
3.647411188649500247e+01
3.732647269260222345e+01
4.346073384153106645e+01
3.655618701296481277e+01
3.749270765369770686e+01
3.671977905515398533e+01
3.704383537108058277e+01
4.288052382670844054e+01
4.272433359071870029e+01
3.638786426879904923e+01
3.733096580745154824e+01
3.722471945484433320e+01
3.682564515641281133e+01
3.679223553710153283e+01
4.261593894855279530e+01
3.752951081153448598e+01
3.750605526952183055e+01
3.733166317140176460e+01
3.720996515269374783e+01
3.754903339467051637e+01
4.272608170900903701e+01
4.354039995301312160e+01
4.302754310904660429e+01
4.283392224696683570e+01
4.233878154728136423e+01
4.246011126230249744e+01
4.301857721447657212e+01
3.619825154808786749e+01
3.785127545128190718e+01
4.282562952240247967e+01
3.761104502397923710e+01
3.638561290079834265e+01
4.189512172273543911e+01
3.709686788386866851e+01
3.630300147679043477e+01
4.210407174487201587e+01
4.252303786226269722e+01
3.647776590673966268e+01
3.764255664581448002e+01
4.198874188094455207e+01
4.319922365540761433e+01
3.631260707117365172e+01
4.247028629620356810e+01
4.286166799712010089e+01
4.296643085358353886e+01
4.293411553383050006e+01
3.644874226057716982e+01
3.624725973450649974e+01
3.632402482967644630e+01
3.575820570897773365e+01
3.638153816988906897e+01
3.631983614948590144e+01
4.178204802704594556e+01
4.232471758359754688e+01
3.615473168885236532e+01
3.707409316414447176e+01
3.626436726531756705e+01
4.199341153492579082e+01
3.658104892534348096e+01
3.633419271551713337e+01
3.729170793937002770e+01
3.582901336014248272e+01
4.217957773643203012e+01
3.692139039188863592e+01
3.761181707506424488e+01
4.232863545158533469e+01
4.140473082359621770e+01
4.213825416793422107e+01
4.239299453582714250e+01
4.247361128088064675e+01
4.192322480212022384e+01
3.685586458772107932e+01
3.636463531788414372e+01
4.186658686183937306e+01
3.604017089020570097e+01
3.568741238337499055e+01
4.201191583343013036e+01
3.618345053595465544e+01
3.633635958512645914e+01
3.602157037768543546e+01
3.688393030721888266e+01
3.616085177480084667e+01
4.186282522398425954e+01
3.725109243987497365e+01
3.690790156599587846e+01
4.219642974640230904e+01
3.572059303979366973e+01
4.208642874568960934e+01
3.661121067786599070e+01
3.566391397087598136e+01
3.641042495393317324e+01
3.712411117843951303e+01
4.113702346007909227e+01
3.605993844401587722e+01
4.149803196114807946e+01
3.634993230466938030e+01
4.126484965335350097e+01
3.592101228832150639e+01
3.562588684032570541e+01
4.103810769376875101e+01
4.237073593631710366e+01
3.622173105717038766e+01
4.142083021381262142e+01
3.545605615767293983e+01
3.566465906655290752e+01
4.096998320188694720e+01
4.202593835627560992e+01
3.564190817372843867e+01
4.176692013662113112e+01
3.704574818102241096e+01
3.584405266227976483e+01
4.125335797224928314e+01
4.154515960281059961e+01
3.703666761814890407e+01
4.177081110864468627e+01
4.206319030660584701e+01
3.664536098305376299e+01
3.558386538614976047e+01
4.103796196115479944e+01
3.709967502294756514e+01
4.143464439709673286e+01
3.625735023884607244e+01
3.568665795332847779e+01
3.588583090168386036e+01
4.169502940206255204e+01
4.175032764100578930e+01
3.633261691967343410e+01
3.573196410354678676e+01
3.557072112357868576e+01
4.149442996360599523e+01
4.180519477965322039e+01
3.663757870378668713e+01
4.156119021326323093e+01
3.548782382862997054e+01
4.131889897378245990e+01
3.662436975398645700e+01
4.043793371472204257e+01
3.578018639823331881e+01
4.122902766412407516e+01
3.571605258923482751e+01
4.162345478048283809e+01
4.121812962113389744e+01
4.175492026682968572e+01
4.151678991374942029e+01
4.165477292903750595e+01
4.107599846635714158e+01
3.579809248670950694e+01
3.590128604359616560e+01
3.628662418344583074e+01
3.575634500092378687e+01
4.103650372341541441e+01
4.098083080045073956e+01
4.059639027016537938e+01
3.564814617059834490e+01
4.150412562546647166e+01
3.572354024741312628e+01
3.573778288590507657e+01
4.080414209374600176e+01
4.091499994071056534e+01
4.126173094075514314e+01
4.130182561625141346e+01
3.551088897441123748e+01
3.671987969502196592e+01
4.088006811030181353e+01
3.565688464522347090e+01
3.660942644869497542e+01
4.130890415830575080e+01
4.085664158090972364e+01
3.604341820129547358e+01
3.556126017430752739e+01
4.078904996509717762e+01
3.555941444517857519e+01
3.612206660166786065e+01
3.579752641394855317e+01
3.602015011890743068e+01
3.624415846769865368e+01
4.050237935243966092e+01
4.111917752546062133e+01
4.147659033480417179e+01
4.144335955039682062e+01
3.557493224792309405e+01
4.032825186323486122e+01
4.040976394406798988e+01
4.121374146459218224e+01
4.142435626772800106e+01
4.113945670939499166e+01
3.532198585173556182e+01
3.997939176396047145e+01
3.597722985047903421e+01
3.554414800053861967e+01
3.616401555287082203e+01
4.035096776549524122e+01
3.590497450087393361e+01
4.021656775027190633e+01
3.535651956660684192e+01
4.072331116948041796e+01
3.597724230135132473e+01
4.024964134105921687e+01
4.108015640701206905e+01
4.107010183736394282e+01
3.574529620735949464e+01
4.051042537880786654e+01
4.058183055027325281e+01
3.584265099578929892e+01
4.068928813404858147e+01
4.035242484046783318e+01
4.011457849478345139e+01
3.549117765461522112e+01
4.022738225605718299e+01
3.589534438041129505e+01
3.982855304267053498e+01
4.030488929506101670e+01
4.009880234045404990e+01
4.033760167586036971e+01
3.638977022752465729e+01
3.993459607307483594e+01
3.554298964107188397e+01
4.029192941671159645e+01
4.064321268567304202e+01
3.574753717631692496e+01
3.532491629290039725e+01
4.002560834163688241e+01
3.541673282192112282e+01
4.011703171744777308e+01
4.060579393872184539e+01
3.991405378070185606e+01
3.634049512852603669e+01
4.090228417418990148e+01
3.606192441680362037e+01
3.598902265133749978e+01
3.602412823274943321e+01
4.008551752959338188e+01
3.552818895301265911e+01
3.628694447161189629e+01
3.553777257081836893e+01
3.976551458170249020e+01
4.039042686112478719e+01
4.036303328698819826e+01
3.522032495880733904e+01
4.026928208458132019e+01
3.644007045433932745e+01
3.975435539949331343e+01
4.000434668437144126e+01
3.621986828965091831e+01
3.535409235833173369e+01
4.024013195161978729e+01
4.066892330259589983e+01
4.046175547691402130e+01
4.027758899091823963e+01
3.666881028440779744e+01
3.573073943140075670e+01
3.998731716790808122e+01
3.606959474477623218e+01
3.992262771619703443e+01
4.037231460840832398e+01
3.631740004071055239e+01
3.548114330516096970e+01
3.619003125004794441e+01
3.621246852971911068e+01
4.047890887405886673e+01
4.088751122970357699e+01
4.086168372836176133e+01
4.001465156460939454e+01
3.995187862942142232e+01
4.003459881546412902e+01
3.575849694950207436e+01
4.010953942627213564e+01
3.961316943874038543e+01
3.570080251348355915e+01
3.559788204827528091e+01
3.519715794013714572e+01
3.573050667950671055e+01
3.979475026934047577e+01
4.030099897370720896e+01
4.017821081377003622e+01
3.559919121783448048e+01
3.646347390193940896e+01
3.946113454692541467e+01
3.513777927191656403e+01
3.973094093805817550e+01
4.038293457514694040e+01
3.975130107582759820e+01
4.048367561278959670e+01
3.610415977060484494e+01
3.994520940616718718e+01
3.559586183516237412e+01
3.954619832406517332e+01
3.951154029947836932e+01
3.977734123066382210e+01
4.027692488055882336e+01
3.993909709172716305e+01
4.023029052991889642e+01
3.674479059726257191e+01
4.011441253114613659e+01
4.013224403269803275e+01
4.025691519623310910e+01
3.928335566790050848e+01
3.995887065154744988e+01
3.577967592487078008e+01
3.997262119523477253e+01
3.601569809143283152e+01
3.995713916672609400e+01
4.044846787642691055e+01
3.958881566373731431e+01
3.964268089090363389e+01
3.538312892063277815e+01
3.876215025779047352e+01
3.957706634327747253e+01
3.945091901721031036e+01
3.584591718680513850e+01
3.960946036498985734e+01
3.965460345272935427e+01
3.967614569106918054e+01
3.568639893270258057e+01
4.002750542251278176e+01
3.530176444331188179e+01
3.917153170466643530e+01
3.965256093166782847e+01
3.965772836644478616e+01
3.569073824202886414e+01
3.653259760304344184e+01
3.507727551875949246e+01
3.591535336048404048e+01
3.969261907857377736e+01
3.966078027642452497e+01
3.622836454802576611e+01
3.981328118292628915e+01
3.978703843181015287e+01
3.570996661712172227e+01
3.942976008736485483e+01
3.671533694528466896e+01
3.881049260310498283e+01
3.926168031118816515e+01
3.992903128914631594e+01
3.484290296886397442e+01
3.977480187090542785e+01
3.565268514852288462e+01
3.915243910685129691e+01
3.562352705802223340e+01
3.964433456570476011e+01
3.628603164824185967e+01
3.945008401379516982e+01
3.523911308634304618e+01
3.905876883366517660e+01
3.589654348554526564e+01
3.859054660962512173e+01
3.668864191182823475e+01
3.597213247175991313e+01
3.582554080134556074e+01
3.899096832079669639e+01
3.621086152049339546e+01
3.970577383679972883e+01
3.561337028969330021e+01
3.632152804106161170e+01
3.927679695359297796e+01
3.974668874852107336e+01
3.896024741034152328e+01
3.953085870083306474e+01
3.947697008280626818e+01
3.893146921720287423e+01
3.613687560375969809e+01
3.623829733806534392e+01
3.889268146765726897e+01
4.003840703553336056e+01
3.955957728821405084e+01
3.626830907930478531e+01
3.935518398942399898e+01
3.900086634215280412e+01
3.910222251442247909e+01
3.627834632221198063e+01
3.648350268686203179e+01
3.927900031076124066e+01
3.903987314817854326e+01
3.599968165834723521e+01
3.586492958102369499e+01
3.912653619030456298e+01
3.952620489446774599e+01
3.629351294898909686e+01
3.950935482219279749e+01
3.947999347344150323e+01
3.573995965586314583e+01
3.936671448596159451e+01
3.947427337088034704e+01
3.939479822605456150e+01
3.968276513181849907e+01
3.675706553995755144e+01
3.540132619367148692e+01
3.855599414200631259e+01
3.965828452799711101e+01
3.593468411737973156e+01
3.922215684992266205e+01
3.870135602337276737e+01
3.570225335774947695e+01
3.901321677314140146e+01
3.950876069441142846e+01
3.914317002691245762e+01
3.924871613593806075e+01
3.936922191846602459e+01
3.860836918640271165e+01
3.537527831704828429e+01
3.894085664062534136e+01
3.540333160187357464e+01
3.921217325109849838e+01
3.640577605087003121e+01
3.900960347937261474e+01
3.928756032481160787e+01
3.562971606896994103e+01
3.944986666785005269e+01
3.872534178539780925e+01
3.533245812733559177e+01
3.888954456000483617e+01
3.579653535487611293e+01
3.618346675401858903e+01
3.825251665442682025e+01
3.935191119599065246e+01
3.620519209070974398e+01
3.933593689593143239e+01
3.600099487273330112e+01
3.874166288789253088e+01
3.873324776272456660e+01
3.950175720611721175e+01
3.929382006304615516e+01
3.922325978008986880e+01
3.966303118598520427e+01
3.968043202750235565e+01
3.891039564052179855e+01
3.908597937569417979e+01
3.899934471932495939e+01
3.897734772956806637e+01
3.608628027204417776e+01
3.789485234383091949e+01
3.948211759209721805e+01
3.899334318017338319e+01
3.605022307557197792e+01
3.878500230135818327e+01
3.898018120185917468e+01
3.624971413587331881e+01
3.809487006306770240e+01
3.916040248150546432e+01
3.534533359256840868e+01
3.793132797739545481e+01
3.897412468707344857e+01
3.609953528689128177e+01
3.848628671137363000e+01
3.983155874646153904e+01
3.831393678323333063e+01
3.850690008153195265e+01
3.878048955398782738e+01
3.893028069957918547e+01
3.624221432041962743e+01
3.879838129728550200e+01
3.612165758906632362e+01
3.873033920755073467e+01
3.628597344529217850e+01
3.856582099680656484e+01
3.945099682530473473e+01
3.861966921975535882e+01
3.928948494938920533e+01
3.585219002517721520e+01
3.809825225774778090e+01
3.918139203494249045e+01
3.888342729343453641e+01
3.868262799228328674e+01
3.605172855913511398e+01
3.836655449785031635e+01
3.537785256095909858e+01
3.785767919065299481e+01
3.887683638451363066e+01
3.848769659897129713e+01
3.602042163806860486e+01
3.873166677484845621e+01
3.907790687270057362e+01
3.582481980529102117e+01
3.849636425240466764e+01
3.892974453101206223e+01
3.601285726309760804e+01
3.813317924104816825e+01
3.895471461424680371e+01
3.852229968822776129e+01
3.626134581359794140e+01
3.896509265455343041e+01
3.877644563813422707e+01
3.622020389523248696e+01
3.870099034855086018e+01
3.883089941447691729e+01
3.895772771486977604e+01
3.889632798971801719e+01
3.904863246288595491e+01
3.880937407222860713e+01
3.828943153226668983e+01
3.917886728746496061e+01
3.916017707776990164e+01
3.891630408700289223e+01
3.836626359520740692e+01
3.879898916307018197e+01
3.889118935652461317e+01
3.623818780968742459e+01
3.928129785218890646e+01
3.907069271466657057e+01
3.898711372820601184e+01
3.886073380463344762e+01
3.848017583054637214e+01
3.886657531690791956e+01
3.836143632266507808e+01
3.857607596732681543e+01
3.857352700339227169e+01
3.552799091045206836e+01
3.835154220819371318e+01
3.773294339512350604e+01
3.801631895361044400e+01
3.877573795973458459e+01
3.887584915327534674e+01
3.898419223951317747e+01
3.895056116438542659e+01
3.838564721848705830e+01
3.776430786703620868e+01
3.549428019811544743e+01
3.854861028827630776e+01
3.871329228944540546e+01
3.850247799943544891e+01
3.909375095077428597e+01
3.870126725267145673e+01
3.929790885696302638e+01
3.836777372665952868e+01
3.914098694933595368e+01
3.775362069450174118e+01
3.850394247262691749e+01
3.860408291994822605e+01
3.828147120345862930e+01
3.843301860515959589e+01
3.925273606416448047e+01
3.784650803702245270e+01
3.892493590503737977e+01
3.873161903016359275e+01
3.818422414020287192e+01
3.779431421841476890e+01
3.874323146475526158e+01
3.887848027608789181e+01
3.835796587695035953e+01
3.630414756422249667e+01
3.858254878338400573e+01
3.872379999953000151e+01
3.770097677882901621e+01
3.844992653742111344e+01
3.824434329994252835e+01
3.856547144593126575e+01
3.633224986745536711e+01
3.846030766532751954e+01
3.908052955109563698e+01
3.867636603313158616e+01
3.847841725200986929e+01
3.814886799624773772e+01
3.881523343877966425e+01
3.840243405583675695e+01
3.857109116468181753e+01
3.901598755359555781e+01
3.850660155708396815e+01
3.842605046557522996e+01
3.892838229951187401e+01
3.832709565461660617e+01
3.884082166259348412e+01
3.881080170583400246e+01
3.812109355394795784e+01
3.882482390027580266e+01
3.794817907569530036e+01
3.854669931503349289e+01
3.929376897079220043e+01
3.838660333459164065e+01
3.827325765352504305e+01
3.838869518429128647e+01
3.903739260248340059e+01
3.876564090396985307e+01
3.838492861273297763e+01
3.824896260165743911e+01
3.829888096176539136e+01
3.818554525545640388e+01
3.770748392660371451e+01
3.768753417716644094e+01
3.548182553081747415e+01
3.798512683862320216e+01
3.811541432163194543e+01
3.795136618261965822e+01
3.905107006597513220e+01
3.865244918492518877e+01
3.820831394930300462e+01
3.887283526619551566e+01
3.821500399031122441e+01
3.833926461640627537e+01
3.754164080998211261e+01
3.867833152213409420e+01
3.835220784199603372e+01
3.869817118999561245e+01
3.774755760233311719e+01
3.854413199340760343e+01
3.850696370032923710e+01
3.846911298626713460e+01
3.812054805854468498e+01
3.888237883105642823e+01
3.873897505117183471e+01
3.806639210797045791e+01
3.837795005618422550e+01
3.887028173783740925e+01
3.714020534276051677e+01
3.869406747065520591e+01
3.784172237920338944e+01
3.849118830521841517e+01
3.824304745612025158e+01
3.870263493978391267e+01
3.815738789471117087e+01
3.821121743578758156e+01
3.859677720733297690e+01
3.852131636500612899e+01
3.851470097848379481e+01
3.816886804597705662e+01
3.811708074071688657e+01
3.819003350695457755e+01
3.831404763157740945e+01
3.827800546182302810e+01
3.856118872801165764e+01
3.739144414203805411e+01
3.849138424165564487e+01
3.818782836555380555e+01
3.816988588585011399e+01
3.876783935862879815e+01
3.831211941367057960e+01
3.800137658904118609e+01
3.871485646073063691e+01
3.762383856619501188e+01
3.871345864551629035e+01
3.837287719039197498e+01
3.823798464881448922e+01
3.761075537023751991e+01
3.841635866959542511e+01
3.878609155795282248e+01
3.868000855993713571e+01
3.861218625955352479e+01
3.856708357001048171e+01
3.766965174979099373e+01
3.879180031004048601e+01
3.828474462246801124e+01
3.875813882932899901e+01
3.827394956513492730e+01
3.770501701326518429e+01
3.865474094739010980e+01
3.834313026364965538e+01
3.809147264852277459e+01
3.772399796899134117e+01
3.850659856131339609e+01
3.796184038873242628e+01
3.740022714578875451e+01
3.862327783579333840e+01
3.824944401147606499e+01
3.821753567788069006e+01
3.823439070080251412e+01
3.874255488176138584e+01
3.793801197311459106e+01
3.849506647255820724e+01
3.823170521178557379e+01
3.789572572100041725e+01
3.798846197678235370e+01
3.844148445492440658e+01
3.849631405724946376e+01
3.789630841085433133e+01
3.806412502252995722e+01
3.796791288290990707e+01
3.819824410310310014e+01
3.812629698494811237e+01
3.762668826057458915e+01
3.723815017813173966e+01
3.729992511017273671e+01
3.828471274465501040e+01
3.833777227922367103e+01
3.820787177763320130e+01
3.785194350112435302e+01
3.779845787300162385e+01
3.880874947512068474e+01
3.799673151529480464e+01
3.761346657941201244e+01
3.865576018746421738e+01
3.797587630173025985e+01
3.824890517938519707e+01
3.899364136201197795e+01
3.844840015201105388e+01
3.812331173631736192e+01
3.766409736738483360e+01
3.845288388718599748e+01
3.749498095637552098e+01
3.888153570244177359e+01
3.790005185339366278e+01
3.761647522101728214e+01
3.860139223806871200e+01
3.756014120721228977e+01
3.796433503948068022e+01
3.812023282689769133e+01
3.806172815552091748e+01
3.771384183451604599e+01
3.901454664901914526e+01
3.759644484191198188e+01
3.783569725373843795e+01
3.798571415771315429e+01
3.776597657410248843e+01
3.768033300943488229e+01
3.811174094194190332e+01
3.862931668937031304e+01
3.861978099731323510e+01
3.824950298763370427e+01
3.836647209291697180e+01
3.820836218508857485e+01
3.820762571866012536e+01
3.847510556244361624e+01
3.824252533357625339e+01
3.855012939595436450e+01
3.795114748995628418e+01
3.757337942123506735e+01
3.839250598295366501e+01
3.818039089958434573e+01
3.889113631902529278e+01
3.766696358302671399e+01
3.767228551705222372e+01
3.809403179695186736e+01
3.792808564548028727e+01
3.820608369658756232e+01
3.777775147180342685e+01
3.755598485361995387e+01
3.850198683354865636e+01
3.764862017078918655e+01
3.814943149227266872e+01
3.768448033325381630e+01
3.825627006964224108e+01
3.834697750131895333e+01
3.763384288577565684e+01
3.774799916362445629e+01
3.798024980648370530e+01
3.819125109551505659e+01
3.797553798683166093e+01
3.792948196978987596e+01
3.785233778018733375e+01
3.815802338798461335e+01
3.807599828715527224e+01
3.730850654466053840e+01
3.830126975689499602e+01
3.833704223098538932e+01
3.808549141607423394e+01
3.804636157465545665e+01
3.775409987894052932e+01
3.830622521273703995e+01
3.879235296635461339e+01
3.722106077450193595e+01
3.830212082932017381e+01
3.791871854185511381e+01
3.809275734035151117e+01
3.817336938721680184e+01
3.785740397746849339e+01
3.775195694837057658e+01
3.785163672697517256e+01
3.782668817271265738e+01
3.801732090845430179e+01
3.810079361814782573e+01
3.762757477815821261e+01
3.781865564577441319e+01
3.877382041796744261e+01
3.808540917882223198e+01
3.776846409288717865e+01
3.746766546276069221e+01
3.838732697805533434e+01
3.737001809877063607e+01
3.764798843117313965e+01
3.792847895227198762e+01
3.797632703132975962e+01
3.840625343601701758e+01
3.782004608460202633e+01
3.796990175510313748e+01
3.789696491449690541e+01
3.718177052512741199e+01
3.801352578575426122e+01
3.757481643537848015e+01
3.847442796234125240e+01
3.825941679318563615e+01
3.767703167065023706e+01
3.768670205641461024e+01
3.792391912401554066e+01
3.711171561418189668e+01
3.732791649963641589e+01
3.758684400178729135e+01
3.790539489882723956e+01
3.824586215482073470e+01
3.783015253245432064e+01
3.835873392661289216e+01
3.786463936743265180e+01
3.745660720997397419e+01
3.761344912873412483e+01
3.749083746706576648e+01
3.771285071863231053e+01
3.783291646436754974e+01
3.805214042611662251e+01
3.828964612229574271e+01
3.788774036832538172e+01
3.764274583161968479e+01
3.822267118856476742e+01
3.800337616322406831e+01
3.806165797381459726e+01
3.801001399619782006e+01
3.773360951319396150e+01
3.704328195625101472e+01
3.825404544933361706e+01
3.754114611859024819e+01
3.808952583339956988e+01
3.736833632923880799e+01
3.753802582904305041e+01
3.821983686032393024e+01
3.824570098215072278e+01
3.807078367843292455e+01
3.783233426318663106e+01
3.799339390616046330e+01
3.781669203863055628e+01
3.737676069746676433e+01
3.803720266946155704e+01
3.793933032061244859e+01
3.805493837255445300e+01
3.857885977503951835e+01
3.807335660557114920e+01
3.761083862683342005e+01
3.751222314788059009e+01
3.753414825011618916e+01
3.796518569943035004e+01
3.798792894715375468e+01
3.766773319678699750e+01
3.792761105064010252e+01
3.796144737614055487e+01
3.730097615605039607e+01
3.741545403549495319e+01
3.797521689944811385e+01
3.809160106086508790e+01
3.754816746377797188e+01
3.745792380351603157e+01
3.786837676748084647e+01
3.780059595403643158e+01
3.710131164479650323e+01
3.714735675343855092e+01
3.765860845917664790e+01
3.749078573235517098e+01
3.807775077204787806e+01
3.795015708566270973e+01
3.764954220696472476e+01
3.842201188016694857e+01
3.771287846713194369e+01
3.784252595938892227e+01
3.765360669798496929e+01
3.778060474487320874e+01
3.761353896481049475e+01
3.839776461219553738e+01
3.813401601483224113e+01
3.755789194138015574e+01
3.796560377947365339e+01
3.799996165208037269e+01
3.775071707168715562e+01
3.794289540793112536e+01
3.812131938487124927e+01
3.807821970253863952e+01
3.767035252464551576e+01
3.733076094129598488e+01
3.827544203798694866e+01
3.755390457179156272e+01
3.744783033740741729e+01
3.803931551912245368e+01
3.822976312834200030e+01
3.726437904789973743e+01
3.847647581470496903e+01
3.789742951835852836e+01
3.808254601524509297e+01
3.809638225107897114e+01
3.718296525492638693e+01
3.730891030519804730e+01
3.818083112740433194e+01
3.783449625781967995e+01
3.790769221920118781e+01
3.791260528395535800e+01
3.744095923956267313e+01
3.811186891712743829e+01
3.765736300995635588e+01
3.720333687779998399e+01
3.749962426234192492e+01
3.708354468766727052e+01
3.745951951936939395e+01
3.760789896382234332e+01
3.814237241205045592e+01
3.777207204608742330e+01
3.785869680041615482e+01
3.779267321482924302e+01
3.795844659400102472e+01
3.747298435156195495e+01
3.800780451697791307e+01
3.784330369005657246e+01
3.772109093056425877e+01
3.751469797504830694e+01
3.789262003952160995e+01
3.750193188672421485e+01
3.750175197641527802e+01
3.826554216955869947e+01
3.794783508161057028e+01
3.755068296741164602e+01
3.785580560509696824e+01
3.757689477583233639e+01
3.750061013688957701e+01
3.784268616787628758e+01
3.778604568906892069e+01
3.842906180078407630e+01
3.733529078078274210e+01
3.736775087079896451e+01
3.784502796239842581e+01
3.826013575941280465e+01
3.735792149144893415e+01
3.752535882359013897e+01
3.748552176125086532e+01
3.802081930711962343e+01
3.777854866477008500e+01
3.723581067685736201e+01
3.770280612622894267e+01
3.780458014825340740e+01
3.795093083130650768e+01
3.782927542024631151e+01
3.813218469615448925e+01
3.743037706224482264e+01
3.767377277868604324e+01
3.686939640503623394e+01
3.751364581247998586e+01
3.760291741895917284e+01
3.775635428908904601e+01
3.749744152910673733e+01
3.814272552831054242e+01
3.774114042403721214e+01
3.757558446923828654e+01
3.760117824736614267e+01
3.732437601446930842e+01
3.749500497032627777e+01
3.781798246263793573e+01
3.740387617190143743e+01
3.823468765783156442e+01
3.727839277293025333e+01
3.766670953923001264e+01
3.771597194045907742e+01
3.792635328237049208e+01
3.742803531079329815e+01
3.779958730924555965e+01
3.790020440037673666e+01
3.773585468180721136e+01
3.714485750479618531e+01
3.805550262361025204e+01
3.720762247828709235e+01
3.776999411597653022e+01
3.766978314090178515e+01
3.788712820096613854e+01
3.774726044935884772e+01
3.717939694976491438e+01
3.767521238394562744e+01
3.804376571763368986e+01
3.810993233958284065e+01
3.798301154104106558e+01
3.749845541978874763e+01
3.809055204083015411e+01
3.795340923246148179e+01
3.769685366049609598e+01
3.773510500294168679e+01
3.718815925832279845e+01
3.804298731031296654e+01
3.815942693082985926e+01
3.800301763834041680e+01
3.750871482856259576e+01
3.753076124202602415e+01
3.744588734858938750e+01
3.753040337218949674e+01
3.750628699703268865e+01
3.797594171833299015e+01
3.770461653553320502e+01
3.768279393613691752e+01
3.803640249611426327e+01
3.757338354178911999e+01
3.791885540255928078e+01
3.757840998601998450e+01
3.817362010381354054e+01
3.796814174315014867e+01
3.784018012865975322e+01
3.781662054910093218e+01
3.742565695089393785e+01
3.762950665657554339e+01
3.794422235487031259e+01
3.695804641370376231e+01
3.705260454898493805e+01
3.769003486232881528e+01
3.720820796181460821e+01
3.808180301148990310e+01
3.759909623729494399e+01
3.740947007741377206e+01
3.761349141200751944e+01
3.789891168413203815e+01
3.773184287337297604e+01
3.806884461771115014e+01
3.751141232750630650e+01
3.730029620377826660e+01
3.786441836795386706e+01
3.792880597466157866e+01
3.764594073297340060e+01
3.790890028024309544e+01
3.687371847501764677e+01
3.731264507956814214e+01
3.763021844784066161e+01
3.804800395832781135e+01
3.774350000188460541e+01
3.747215010334504370e+01
3.718578048553801807e+01
3.769158487776152811e+01
3.756940080987704533e+01
3.772802867343690281e+01
3.745080025556824666e+01
3.782862861673044819e+01
3.764765390904683073e+01
3.767494759004908644e+01
3.762923139805392481e+01
3.761123263053736565e+01
3.814208449119576727e+01
3.732865722263785102e+01
3.756688906441361553e+01
3.793898891719246080e+01
3.746620351008300531e+01
3.768789061016342856e+01
3.731851277441309378e+01
3.725021430495605301e+01
3.768453223184271650e+01
3.752725038992601725e+01
3.717616930491102067e+01
3.725892793430533345e+01
3.738208943044880073e+01
3.758823991630322325e+01
3.783873143112408144e+01
3.764053939168570651e+01
3.767678978086501473e+01
3.751333355997344654e+01
3.723427896069784282e+01
3.759425965717932172e+01
3.810654023527361289e+01
3.738420860528531620e+01
3.776059476708689289e+01
3.745685972823242338e+01
3.781475915033264812e+01
3.851701897481235903e+01
3.692969783503843217e+01
3.750934104028371507e+01
3.738602321652340521e+01
3.728858420585520861e+01
3.733911919883119168e+01
3.767032498950411679e+01
3.742019466888889667e+01
3.766848915266351128e+01
3.741987023927735123e+01
3.785250850611552664e+01
3.734202083330674071e+01
3.789978175523139470e+01
3.708615583568762730e+01
3.720237487616190464e+01
3.756331234869013969e+01
3.726423736192420932e+01
3.756961228195142155e+01
3.716791259930413815e+01
3.783468848584767841e+01
3.738384694034746758e+01
3.728019818730058432e+01
3.752944406309564584e+01
3.691810723317895793e+01
3.767353881366629054e+01
3.756076479258607037e+01
3.758028333908885799e+01
3.710732613366224797e+01
3.772757765749128822e+01
3.753229411014903150e+01
3.772208788797922097e+01
3.699774343023799617e+01
3.782319416632503106e+01
3.768233260361737536e+01
3.722219575312115580e+01
3.680407873041069422e+01
3.761119954723556447e+01
3.761663134516243190e+01
3.742704466102514260e+01
3.788194449799350849e+01
3.746995451900400553e+01
3.742358494807788816e+01
3.758529626243425525e+01
3.702590108208445940e+01
3.733864924406443464e+01
3.722671190160850330e+01
3.706213040405999948e+01
3.733481852602308493e+01
3.700661181970651370e+01
3.727122359970886123e+01
3.715215483960511023e+01
3.753704819854709740e+01
3.714406070457663844e+01
3.693589025293544381e+01
3.778373235164114163e+01
3.797989676656165869e+01
3.709156681662613408e+01
3.765413476809155924e+01
3.761741390094896786e+01
3.799248059928579835e+01
3.712614878503864446e+01
3.659019297688835337e+01
3.762828495608314938e+01
3.802844512623448026e+01
3.722478519332862845e+01
3.790085469735991097e+01
3.764814947745784934e+01
3.770394390309650134e+01
3.727295568003711423e+01
3.765209958310055782e+01
3.708886680504335942e+01
3.690618406025205900e+01
3.770063255003390168e+01
3.729645579736616412e+01
3.761379935203966340e+01
3.710791490640401946e+01
3.785219446351108985e+01
3.720723884397234826e+01
3.761815375420470531e+01
3.685699118149457831e+01
3.778170530589240173e+01
3.735591379131936662e+01
3.741150823897086752e+01
3.727448614344874045e+01
3.742298245984747496e+01
3.695134126996759250e+01
3.761901985463611453e+01
3.719626838095793886e+01
3.704039126244931168e+01
3.686406727979149167e+01
3.743824577533982989e+01
3.747076404604775490e+01
3.751025985551162023e+01
3.770885313075315537e+01
3.719523554559804523e+01
3.741333705445569535e+01
3.797553816215836520e+01
3.751568693666419563e+01
3.707938268608156562e+01
3.704173829714600430e+01
3.757907405890978225e+01
3.690776585270703691e+01
3.751515271920094818e+01
3.763299160301364310e+01
3.743433936494273695e+01
3.752362061242158120e+01
3.723716700741320551e+01
3.756538859892049231e+01
3.767600641581166343e+01
3.768683801307568615e+01
3.764852004277299358e+01
3.796945109811576913e+01
3.736949809337671269e+01
3.745856380974408495e+01
3.743471344899405295e+01
3.745525152647337563e+01
3.735850434387900521e+01
3.773028339430238987e+01
3.753363305533385130e+01
3.734716344460893822e+01
3.763456311949292399e+01
3.745715690163839184e+01
3.725513612733219304e+01
3.759040059359732311e+01
3.723058869879055521e+01
3.755182239993564508e+01
3.739151026154001300e+01
3.753295219973796293e+01
3.772446195428531013e+01
3.699903228783750819e+01
3.701931010772343456e+01
3.724003342607465328e+01
3.734550568857459751e+01
3.726168840685745920e+01
3.724424863853648304e+01
3.716324298474703625e+01
3.759105769518442486e+01
3.762195290036218864e+01
3.769982310550713578e+01
3.695971943189618258e+01
3.751132697717092412e+01
3.728812794700775157e+01
3.760415953565413361e+01
3.735593893148762135e+01
3.771002467016932513e+01
3.695068326415746185e+01
3.754581748403558805e+01
3.734722944998293315e+01
3.672757250231441617e+01
3.754114056541164501e+01
3.702187738272679951e+01
3.707566122911676132e+01
3.728984218362359826e+01
3.686191706043454275e+01
3.754728749516555553e+01
3.752099228508975415e+01
3.802458523209516983e+01
3.727272311361546997e+01
3.710948711829705360e+01
3.705437693383441911e+01
3.730168886543937390e+01
3.717378828533502144e+01
3.760723331252817303e+01
3.767478785113208062e+01
3.745734871128014731e+01
3.694825891965867726e+01
3.716647345122372315e+01
3.706844406235070721e+01
3.766132513811405857e+01
3.791664041100425919e+01
3.744839847413786771e+01
3.725341413277409686e+01
3.782924232843247836e+01
3.706215201859446040e+01
3.741647959559679038e+01
3.709445018872120414e+01
3.700141444904588184e+01
3.757761292804094921e+01
3.753685872424684788e+01
3.685281915292198107e+01
3.718231672831674928e+01
3.734205954891400125e+01
3.726128310289781354e+01
3.696577339961390152e+01
3.774832046485607151e+01
3.771497622259380478e+01
3.729639890982969774e+01
3.695334615154364144e+01
3.754990687154433715e+01
3.775140774217081940e+01
3.741488072701901757e+01
3.767767304563882647e+01
3.736448698972025539e+01
3.790574449933382084e+01
3.733270439882486613e+01
3.783892906458067529e+01
3.771480090464820734e+01
3.743473927530730805e+01
3.752237783544588012e+01
3.731093472202484662e+01
3.692762813087418294e+01
3.702789769799026942e+01
3.733722017274742910e+01
3.757774201704786776e+01
3.759874646574293422e+01
3.764070599038058873e+01
3.650103624557203830e+01
3.732381918963847767e+01
3.763835767705013780e+01
3.707413905111849317e+01
3.703661038758617963e+01
3.758877955121687364e+01
3.804599018709276947e+01
3.744976219113935656e+01
3.759842577872346681e+01
3.703321151424430724e+01
3.720989349163751569e+01
3.716713374210144849e+01
3.753466346257634711e+01
3.762386047932686495e+01
3.711368830571363020e+01
3.745008855523497004e+01
3.748083919404745501e+01
3.753106951267321989e+01
3.735009223811802315e+01
3.740178083593090008e+01
3.720857798447982390e+01
3.742308064747387419e+01
3.729957894943721186e+01
3.723950893247971550e+01
3.709533118532129947e+01
3.664699988518110274e+01
3.714461516162648991e+01
3.707829556169328100e+01
3.760961213364620903e+01
3.748516289069450380e+01
3.727900794967389686e+01
3.702253915634203452e+01
3.720913011884429267e+01
3.738667845589353078e+01
3.756247051195099829e+01
3.788455724125839907e+01
3.742045729898441664e+01
3.682997483753788970e+01
3.758501021809952647e+01
3.687246846867575556e+01
3.715059447369564793e+01
3.741982158683196502e+01
3.733065672633520649e+01
3.733624637715541184e+01
3.669762260990074765e+01
3.685372086585940821e+01
3.690553927107046661e+01
3.792522838496285686e+01
3.701560307980540898e+01
3.719580290662688782e+01
3.742777087054017215e+01
3.740337007230301225e+01
3.700718367419580801e+01
3.751276453723648530e+01
