3.604391879429661572e+01
3.424668114877024294e+01
3.341947222164858999e+01
3.411905096268571214e+01
3.333667533428922525e+01
3.357234224337620532e+01
3.559814458778691204e+01
3.581950552247734976e+01
3.296934069711296900e+01
3.353797276788634463e+01
3.337072839199571206e+01
3.330009465069311858e+01
3.268686381751513181e+01
3.284513692247399064e+01
3.285401196183860861e+01
3.251562892371875790e+01
3.356036998711344665e+01
3.287820619926566934e+01
3.277754121451805958e+01
3.225135503597429931e+01
3.242128422523951770e+01
3.267282119810911922e+01
3.270605667964574081e+01
3.262570877267926761e+01
3.252759923810124576e+01
3.245314774703914651e+01
3.254199304316561125e+01
3.268419543079703260e+01
3.225881897286493682e+01
3.230373999172241639e+01
3.216938512893155178e+01
3.228630913159118165e+01
3.229024506477102108e+01
3.249728468740465814e+01
3.218069332219182854e+01
3.221213198825306279e+01
3.244805845393526766e+01
3.233356818483472495e+01
3.245035685010125803e+01
3.244322513971442845e+01
3.233694340858648530e+01
3.253096924263906686e+01
3.240645263133159659e+01
3.233403003936122388e+01
3.239433762639002623e+01
3.240840378272914535e+01
3.243346474929960266e+01
3.236351314231485077e+01
3.237708717131891234e+01
3.257724826984924960e+01
3.219689257078655942e+01
3.241335458203258924e+01
3.260458493628928522e+01
3.235331377794523178e+01
3.239559746131500617e+01
3.218175802126265950e+01
3.234132219702615885e+01
3.238137915707464742e+01
3.241733077538802377e+01
3.224614743990969856e+01
3.246483864812933007e+01
3.238354136333929745e+01
3.242282033034820188e+01
3.256736590841804713e+01
3.249337559415855026e+01
3.245795746333809717e+01
3.257527354372874839e+01
3.239051442093204969e+01
3.236128886345440492e+01
3.246174190837437834e+01
3.242991569947560038e+01
3.247615524495964223e+01
3.224760968914107906e+01
3.251980624076691839e+01
3.237965334322338862e+01
3.260576984032778114e+01
3.228890618859892925e+01
3.225982513226329473e+01
3.243673467582063807e+01
3.242096250546088498e+01
3.241238751742567814e+01
3.243566711433060590e+01
3.233439045614436935e+01
3.237241196537875965e+01
3.232286729158337124e+01
3.228294490896232105e+01
3.225394222444064241e+01
3.247171476416963287e+01
3.237228302785932499e+01
3.236921973518015960e+01
3.230848195595598327e+01
3.233810412356797315e+01
3.252892740002659622e+01
3.246562160281597897e+01
3.239428701340430194e+01
3.230982942344434150e+01
3.251662402228544124e+01
3.234255264838745347e+01
3.229859907673113639e+01
3.221588925483276000e+01
3.260585128704716595e+01
3.245979144307810316e+01
3.242957659303510098e+01
3.255549839360000419e+01
3.244485602044553474e+01
3.243336905079441834e+01
3.222065391144690949e+01
3.257673318891458791e+01
3.233879161018681003e+01
3.248279279957215238e+01
3.228367044202296654e+01
3.249390258367487405e+01
3.256371296790367609e+01
3.236408185428039985e+01
3.238998857241069373e+01
3.224986922330612771e+01
3.218439769602469624e+01
3.223628627160535132e+01
3.248462409055183286e+01
3.240230677610782095e+01
3.233537933037275991e+01
3.234444757906114631e+01
3.213999648807695309e+01
3.244746460225362483e+01
3.218423798950081505e+01
3.259310258578274500e+01
3.248015397907325763e+01
3.232894890241389163e+01
3.230351626636119988e+01
3.227452109007261072e+01
3.237161355672732554e+01
3.251557168955402943e+01
3.225853695564627799e+01
3.248000086176115531e+01
3.225427919079996997e+01
3.231349266869088410e+01
3.234815274957439613e+01
3.244494117591834481e+01
3.233237691392710644e+01
3.241195645289838012e+01
3.252469848811651332e+01
3.252483967879139470e+01
3.223595728275694228e+01
3.250182782961351080e+01
3.230403526149626714e+01
3.240731024060624321e+01
3.247308682778864863e+01
3.249493365070498641e+01
3.225833289706762486e+01
3.234158455778322150e+01
3.224857973978098613e+01
3.235276919937129492e+01
3.253646744536525404e+01
3.243418796812030536e+01
3.217440882438615546e+01
3.232945770825118359e+01
3.250636658143913849e+01
3.225424594866442618e+01
3.244172086948084655e+01
3.218447446615132890e+01
3.247452732432218170e+01
3.247814831090874321e+01
3.220851304012271754e+01
3.230933937892135788e+01
3.219565691140061858e+01
3.220197816021843096e+01
3.234963684479470203e+01
3.228032587153526833e+01
3.236842105872428732e+01
3.224531989744269111e+01
3.230701746507948258e+01
3.249534772889145984e+01
3.251213009808096643e+01
3.255842729294421645e+01
3.255304720509297312e+01
3.261497201744435159e+01
3.242734227830152349e+01
3.245528871051504183e+01
3.253802741141973343e+01
3.249235621200078583e+01
3.236275655751387603e+01
3.244883906614121827e+01
3.238143407196800183e+01
3.229111607253604177e+01
3.257801315864112013e+01
3.246820398511430028e+01
3.228345941518564644e+01
3.216852972973116209e+01
3.253505472956728539e+01
3.257091694101161750e+01
3.263980563232678378e+01
3.225869074035616535e+01
3.236679592478941458e+01
3.219245533343912768e+01
3.223376700394548777e+01
3.248815305331220316e+01
3.243832432391884169e+01
3.237487718812962356e+01
3.245119600987013087e+01
3.233735710800930008e+01
3.245217561746434853e+01
3.231420011278892446e+01
3.218855789707276926e+01
3.234866252568709655e+01
3.253695518135398146e+01
3.235556202216631050e+01
3.226823926793922226e+01
3.246240882790227289e+01
3.249180045692786223e+01
3.253756438066513823e+01
3.221361870505361935e+01
3.240125115074412321e+01
3.228376307999497641e+01
3.250185880192793775e+01
3.248091426746466936e+01
3.224599867514026386e+01
3.261869145932509895e+01
3.237090664439747201e+01
3.265398635755823165e+01
3.217804844808423326e+01
3.229724989487021247e+01
3.246882938550489683e+01
3.234858849523236302e+01
3.215170496116013510e+01
3.257244767128554486e+01
3.233417856523209366e+01
3.264871189476335189e+01
3.260686981895003100e+01
3.254881083344535853e+01
3.234748027713130369e+01
3.237239786521138996e+01
3.247856608113549015e+01
3.237630618892311674e+01
3.235730983688844020e+01
3.247238207664495491e+01
3.246982028875731174e+01
3.234374002458866215e+01
3.232482774231690570e+01
3.247137957460880386e+01
3.237752995739168682e+01
3.245391263761402456e+01
3.216217077209131503e+01
3.232351316670065700e+01
3.218302202790712840e+01
3.217646537100569759e+01
3.264148882580879985e+01
3.237244766488112191e+01
3.228099610746187409e+01
3.239599422449871469e+01
3.214890956871447258e+01
3.239780777581883342e+01
3.240556512491505003e+01
3.253480849787420226e+01
3.239406209289462879e+01
3.236566279399248458e+01
3.241895491755537506e+01
3.228144731682195356e+01
3.256857911958510954e+01
3.255956577905026705e+01
3.244779476758896664e+01
3.218958851913045294e+01
3.257838758135440571e+01
3.247098355057828911e+01
3.245634666285610592e+01
3.233203831202783363e+01
3.235224312878185060e+01
3.250723211130424772e+01
3.251166639339540865e+01
3.255387442649312391e+01
3.241464781693128572e+01
3.267468592329007748e+01
3.234862767470091427e+01
3.235987907076260228e+01
3.241730642160767673e+01
3.257191627428736069e+01
3.250066119253712316e+01
3.255129845757986118e+01
3.233882676937980705e+01
3.236456149018864181e+01
3.235002222687925411e+01
3.238943453269442330e+01
3.231188010644288511e+01
3.252173934900201857e+01
3.244341692072681127e+01
3.244793835401835480e+01
3.230030447872545807e+01
3.216736689171268893e+01
3.234153853237897636e+01
3.246451175923908750e+01
3.259213963016013338e+01
3.258151328242765743e+01
3.238055096992407300e+01
3.238523600367598476e+01
3.229958169739575169e+01
3.222371950530025941e+01
3.264542181444998192e+01
3.241132101808454991e+01
3.242872677666396442e+01
3.255509950428139376e+01
3.225750019017049652e+01
3.241974510689076538e+01
3.254224763208202376e+01
3.257821043785305193e+01
3.218194450308907761e+01
3.242231189389398338e+01
3.247207966396912582e+01
3.260403601572343035e+01
3.240865927294181148e+01
3.254241358372146209e+01
3.259597942839292273e+01
3.238480930638493049e+01
3.235575323912325274e+01
3.243817395066069764e+01
3.249250308279316357e+01
3.241471653088053273e+01
3.259074791113191338e+01
3.247083119327604095e+01
3.253271559776109001e+01
3.235218484063134525e+01
3.244797840956751145e+01
3.258521088291299606e+01
3.267237397375393471e+01
3.241505737061586956e+01
3.244277570774305275e+01
3.237444277901994383e+01
3.228428827697294423e+01
3.252818278397261054e+01
3.254430017981583489e+01
3.224200635208543275e+01
3.245249757923433975e+01
3.253962932475005232e+01
3.261197726473102421e+01
3.228022836180807076e+01
3.241424840582179456e+01
3.256868429031938916e+01
3.240683735799726151e+01
3.234068543092050874e+01
3.231051250696901889e+01
3.231456011288226904e+01
3.218624616282971118e+01
3.246340017464788730e+01
3.231326954875993351e+01
3.245287750528316195e+01
3.242088847080056979e+01
3.246065382561096158e+01
3.239307665588157192e+01
3.254196703207175290e+01
3.233996321223447978e+01
3.247846084498654307e+01
3.260628015275628400e+01
3.254232843197760872e+01
3.235657179991823540e+01
3.235880543228142869e+01
3.243130366113523166e+01
3.253990132296622306e+01
3.256760460173848770e+01
3.225790511773647040e+01
3.238600856939518735e+01
3.242466602836339717e+01
3.236402083868068758e+01
3.239479109410473967e+01
3.263314663562771045e+01
3.250223808369978684e+01
3.248720275880204156e+01
3.252768118893641969e+01
3.230447829087722056e+01
3.252694425996793370e+01
3.243191156927316854e+01
3.248418360338530420e+01
3.245800570271909180e+01
3.248799518966868050e+01
3.245312452944322246e+01
3.261426962526647344e+01
3.258963210130454513e+01
3.235104596693118850e+01
3.248616372243434824e+01
3.270825183481803577e+01
3.229824251278044756e+01
3.232780726753225053e+01
3.243063262292145055e+01
3.230585327090199854e+01
3.241878376684282159e+01
3.242440243781834397e+01
3.269800773316680420e+01
3.234029418835325487e+01
3.251775917313894837e+01
3.221310722395071480e+01
3.277451799688874701e+01
3.223440458193799429e+01
3.250774089237877007e+01
3.240025262204532908e+01
3.226667280040125974e+01
3.237594688794163034e+01
3.249540763216028694e+01
3.244047251039414448e+01
3.250063243873759689e+01
3.243835576662437603e+01
3.232776775996152452e+01
3.227200423674724306e+01
3.276173319153473074e+01
3.254738764628135073e+01
3.285736588509092115e+01
3.231546829063369586e+01
3.228296141999312852e+01
3.329030126492590114e+01
3.268280205627500123e+01
3.225298986811665714e+01
3.233673623307173983e+01
3.245795913093779461e+01
3.225495137790981914e+01
3.241379128547263377e+01
3.231069100686554663e+01
3.250149760664074705e+01
3.260629365557107207e+01
3.249056036566451411e+01
3.249655350150360533e+01
3.241363791726410426e+01
3.251276398993130812e+01
3.255943902704842685e+01
3.295944525601368014e+01
3.238085692073981647e+01
3.239273909230654169e+01
3.229366485313309454e+01
3.219869811268127080e+01
3.236963221782913536e+01
3.245041992836936373e+01
3.219997079266186546e+01
3.238064369993631431e+01
3.233611048996421289e+01
3.264015573567250073e+01
3.244986661405143025e+01
3.217601774655836522e+01
3.259484357909804686e+01
3.220646997913427612e+01
3.221359523996568441e+01
3.237672055614979172e+01
3.232394052469830115e+01
3.239601942190002859e+01
3.234642771245689374e+01
3.238403323304693515e+01
3.232424337622110500e+01
3.235083227062114020e+01
3.251283694955293413e+01
3.240486734209744668e+01
3.238697671068138817e+01
3.261976398891159334e+01
3.248940872771103017e+01
3.245976583908912971e+01
3.288826377641938592e+01
3.243835654932117052e+01
3.248853593076694324e+01
3.231713893630355017e+01
3.245325738984550412e+01
3.256552839245129150e+01
3.235272244525563679e+01
3.266138409136485166e+01
3.238565075143108629e+01
3.242448625867848477e+01
3.263001402230795378e+01
3.239336677459480995e+01
3.233273458143341372e+01
3.274997047115318338e+01
3.242204431192944014e+01
3.276849523004867137e+01
3.276840432256066293e+01
3.247920003555954338e+01
3.239254119969812962e+01
3.231600708054033788e+01
3.239116302969207339e+01
3.230374987939462272e+01
3.232391514985340564e+01
3.241447441323190759e+01
3.231527562986971702e+01
3.247383685542768461e+01
3.230423023748052458e+01
3.250902571604098767e+01
3.262808827028582925e+01
3.238530365569722846e+01
3.251656179737034336e+01
3.236307171996448062e+01
3.254085814920804864e+01
3.236714799725938008e+01
3.227596559523311015e+01
3.228325011681057788e+01
3.251328829855312819e+01
3.225052677703028081e+01
3.242983684679310130e+01
3.245925504410315909e+01
3.233234282401552662e+01
3.235089801666278220e+01
3.230494109461447749e+01
3.227716983756693736e+01
3.244169023088937820e+01
3.265531258072284970e+01
3.240210998217838068e+01
3.236867639141025421e+01
3.230121182477000730e+01
3.227799674940798980e+01
3.252866379514971840e+01
3.255835712363267476e+01
3.233069852136743805e+01
3.241926692755171047e+01
3.255822850108216215e+01
3.235820627825174967e+01
3.243432985676840730e+01
3.232022901528844017e+01
3.244392908727875380e+01
3.257647049182806853e+01
3.240747705750563767e+01
3.248784585980091322e+01
3.251399222202581285e+01
3.231182561366800599e+01
3.270082684136046680e+01
3.287036675682276865e+01
3.237294798364276005e+01
3.296852175289809139e+01
3.268568745220328253e+01
3.246889156417312705e+01
3.281464258312824001e+01
3.293135981860580586e+01
3.251221422534857197e+01
3.309412902492450570e+01
3.230559508728643436e+01
3.244312105198618923e+01
3.262280611862414048e+01
3.338206801344809094e+01
3.341861953951635655e+01
3.226664699995644980e+01
3.239421854455888194e+01
3.239491849352939568e+01
3.298044914010879580e+01
3.289282346325057915e+01
3.408982866782802290e+01
3.275019283949450966e+01
3.227833430499393330e+01
3.228605569998052260e+01
3.217868843509336330e+01
3.246874010911122355e+01
3.234201148729241027e+01
3.423493369856456070e+01
3.419777024252075392e+01
3.619901798428368522e+01
3.383137093449057176e+01
3.609481305271845031e+01
3.296162204428616604e+01
3.488458854040385404e+01
3.304816200283686101e+01
3.292681193651436189e+01
3.433432978294025872e+01
3.352437489401370385e+01
3.653719389360269787e+01
3.298623045001190945e+01
3.450644610345116092e+01
3.431660979404799150e+01
3.321590310663335543e+01
3.388155929527584931e+01
3.343017470390833523e+01
3.488034778388217205e+01
3.686227162120576395e+01
3.318980488381377825e+01
3.361042818602728488e+01
3.634196406967495108e+01
3.303325463663755812e+01
3.381852613458152490e+01
3.292806527330871802e+01
3.824693884338957872e+01
3.345530313125154720e+01
3.491906430568199227e+01
3.329481257622672530e+01
3.369047278659527223e+01
3.302702508523652369e+01
3.289380764862848139e+01
3.554273353808219582e+01
3.254660686518948864e+01
3.734694109073339519e+01
3.246975817380642582e+01
3.604257166537804835e+01
3.814131228904626170e+01
3.497726021478329983e+01
3.263190610405587933e+01
3.326027144753266640e+01
3.806855539269521671e+01
3.878031311365214862e+01
3.771335907979488411e+01
3.281890007563513478e+01
3.236647541446641441e+01
3.896741952817839660e+01
3.943387433912465667e+01
3.824056607755311887e+01
3.965285216150852676e+01
4.090330055392345798e+01
3.914527397758553917e+01
3.609499644189785528e+01
3.694177874038700793e+01
3.954948947368630741e+01
3.961410422609251469e+01
3.952004283511408289e+01
3.977397247640946176e+01
3.859921668196940914e+01
4.002534917356414468e+01
3.907373475420236986e+01
4.037516384672203884e+01
3.875466171519791914e+01
4.003499563873846512e+01
3.938398736522811561e+01
4.008286254481085820e+01
3.918449258017560055e+01
4.023127587203541111e+01
3.920948718476422812e+01
4.021091743249497341e+01
3.971353893337484919e+01
3.853858135570121846e+01
4.013393040480823970e+01
3.998977366106502984e+01
3.981352451654482394e+01
4.030413302635851380e+01
4.024805608980010163e+01
3.963028402198244038e+01
4.075940733502033453e+01
4.054162296658801523e+01
3.981322681528956053e+01
4.017472897481568594e+01
4.040521489028553503e+01
4.048225458063100035e+01
4.020184256508829179e+01
4.035648199778547252e+01
4.128568684456223536e+01
4.080017503920244337e+01
4.075710051865711137e+01
4.076746660749633833e+01
4.019310552606906128e+01
4.080374281983075946e+01
4.058547773862912322e+01
4.088071253704418240e+01
4.127996758455046233e+01
4.045177083288582054e+01
4.063706361805981970e+01
4.063259326630910095e+01
4.029671841005656319e+01
4.093726324308183706e+01
4.023799736279756445e+01
4.089032512794287300e+01
4.025907173505828496e+01
4.100804198439350756e+01
4.065899009095063832e+01
4.086495547380745563e+01
4.096486444319963027e+01
4.072536008030014898e+01
4.112261913450997497e+01
4.046497778133572609e+01
4.074686638023581509e+01
4.089160319795240639e+01
4.126475651741728257e+01
4.114251993564069920e+01
4.088664670152311231e+01
4.075934514786690244e+01
4.094950684177091205e+01
4.120555870143291344e+01
4.124428009184487109e+01
4.094673904471718373e+01
4.105478210290522156e+01
4.092599991122918368e+01
4.116974307045969539e+01
4.090628265006223785e+01
4.090702956654155287e+01
4.086746377886257164e+01
4.051826955070669811e+01
4.049614886867237118e+01
4.079465512922488557e+01
4.039730229798141181e+01
4.189878027464289545e+01
4.174362309800310555e+01
4.081315640960600888e+01
4.352556391421296667e+01
4.073747502106259333e+01
4.043550060390039391e+01
4.118080459196010423e+01
4.368021128484426896e+01
4.056638659273409075e+01
4.146689016102583736e+01
4.225124677872793200e+01
4.429140712881171282e+01
4.122543378886811638e+01
4.404297024029889940e+01
4.086449327626591099e+01
4.182120020047945275e+01
4.179347036931549297e+01
4.387830483186736075e+01
4.055419368594982643e+01
4.291892658800427540e+01
4.284168617079071595e+01
4.418884425984768427e+01
4.436836654957879489e+01
4.324010729366320760e+01
4.351540257204545270e+01
4.360899889009141361e+01
4.444467407753915467e+01
4.326468976070668759e+01
4.333976790417950298e+01
4.465483164949163353e+01
4.633138168670581791e+01
4.529454876434017763e+01
4.850959909767519918e+01
4.357803655191445813e+01
4.480282622295141692e+01
4.630871366818139023e+01
4.330109719871881424e+01
4.427855149657946754e+01
4.450963904314320985e+01
4.889069844709003831e+01
4.551898780472206596e+01
4.620043737510932402e+01
4.617132289190128347e+01
4.576708990697944301e+01
4.811183562049173190e+01
4.463954554285642473e+01
5.097869382532499571e+01
4.764570116344116002e+01
4.588248106683661121e+01
4.939132603670569210e+01
5.004015788533015296e+01
4.613195623638983278e+01
4.730038278062209400e+01
4.857728622717778677e+01
4.823210079537458483e+01
4.924476404129391938e+01
4.695756673931190761e+01
4.813248833775544000e+01
4.878973016601852919e+01
4.957427553771152162e+01
4.937553712388204019e+01
4.948664582903902698e+01
5.053354882846055318e+01
5.065011151508210929e+01
5.306991431599652032e+01
5.164906360996715051e+01
5.026038597101369021e+01
4.899145100550546061e+01
4.942861374176712985e+01
5.304164615618061873e+01
4.967178132779076094e+01
5.029315337032575428e+01
5.071663248358937892e+01
5.112518117741443291e+01
5.007630752988436740e+01
5.169137845176516066e+01
5.127108972274018583e+01
5.102856568027592488e+01
5.195643415817500710e+01
5.054786376549408544e+01
5.136710641227007557e+01
5.148166500292371239e+01
5.105038675134425574e+01
5.269677079832098343e+01
5.182153620814382577e+01
5.316482816374789877e+01
5.279414479326565157e+01
5.207025998026406910e+01
5.168018548452478456e+01
5.120686102091929115e+01
5.280352597632822409e+01
5.169661652385509854e+01
5.337815824491894290e+01
5.202542417156426779e+01
5.222431592277235524e+01
5.218761122553783594e+01
5.316811158473135634e+01
5.577465581713161669e+01
5.256913845233447802e+01
5.256359916230155704e+01
5.335343368135821152e+01
5.378327778020594963e+01
5.490559704239252170e+01
5.293242169474461178e+01
5.458918180665338582e+01
5.292031101493780199e+01
5.374330834523747313e+01
5.385995407361480858e+01
5.345971524062328939e+01
5.545794675243929106e+01
5.339109562357077010e+01
5.505254855433202010e+01
5.400657481852103814e+01
5.387095500128248204e+01
5.493857728208787705e+01
5.332456970686926212e+01
5.541937771344849040e+01
5.293761021330526262e+01
5.722927150649700678e+01
5.674635434640447329e+01
5.537872921627656098e+01
5.548918177838318400e+01
5.789227665709457682e+01
5.729333601612248827e+01
5.415655152377939174e+01
5.355960923421496744e+01
5.830322298328974995e+01
5.570150073074430708e+01
5.485829177685047853e+01
5.692205838289131492e+01
5.586991111327489534e+01
5.669072683989417527e+01
5.741807313208282437e+01
5.851250257510301367e+01
5.678432700127925159e+01
5.816839343351364278e+01
5.752138772651129983e+01
5.541849269138324274e+01
5.689874309317085022e+01
5.733762579105756885e+01
5.734752841644794330e+01
5.771980747932825295e+01
5.695190426362049152e+01
5.657538216106819817e+01
5.786314110084895646e+01
5.909015071375085881e+01
5.863760971049168091e+01
5.767448312161857871e+01
5.824990506504080656e+01
5.801451656344691798e+01
5.776758633932806930e+01
5.907439093284223475e+01
6.075724782100612487e+01
6.048760606876128065e+01
5.625468516470832014e+01
5.909411553525151817e+01
5.981495169024222491e+01
5.724944626816619575e+01
6.084428715437485380e+01
5.858862641357004719e+01
5.734094183416999613e+01
5.903655488149350106e+01
5.945832654516834026e+01
5.885885649353316751e+01
5.995256583541214468e+01
5.921748731047682668e+01
5.968347173960725627e+01
6.018281468418931013e+01
5.853110329679768142e+01
5.781990249479972732e+01
5.946036673258276295e+01
6.127469988974054615e+01
5.986289697466933291e+01
6.086640551542723188e+01
5.886973862383175060e+01
6.114715582855651377e+01
5.906985816318268689e+01
6.269569478544360663e+01
6.021886904989005274e+01
6.199699621997960719e+01
6.268043423585763918e+01
6.149997683603644560e+01
6.049216208380928350e+01
6.109709117287275149e+01
6.115526900241778208e+01
6.070459765203441549e+01
6.128182619887230942e+01
6.031396005154549300e+01
5.929318994658408570e+01
6.002804778666523333e+01
6.176353302939175904e+01
6.377865135402295493e+01
6.084452068881653730e+01
6.065770997056137759e+01
6.125536187829406032e+01
6.480918378860064877e+01
6.345351967987559760e+01
6.466900438408040941e+01
6.276670625557947147e+01
6.410898032182413431e+01
5.977464542457718721e+01
6.373497308779980841e+01
6.492871604728563284e+01
6.471022929999138285e+01
6.319917260131571624e+01
6.216239991009665999e+01
6.489101484995185842e+01
6.346519131183229945e+01
6.322271386583573616e+01
6.271350942024192676e+01
6.424619334739499266e+01
6.375828457282452177e+01
6.354959767017595595e+01
6.474348304957297273e+01
6.448189266704082456e+01
6.377731219390607009e+01
6.463061082426014536e+01
6.555694087389400693e+01
6.341147362287659917e+01
6.461999415166310712e+01
6.573838915473494637e+01
6.491723753963979959e+01
6.330647511366980495e+01
6.410364334096682626e+01
6.546130621398967264e+01
6.542003982374632187e+01
6.555089376256846379e+01
6.517580433371570336e+01
6.576370224691285671e+01
6.429355029513173747e+01
6.542071395604614281e+01
6.172719463911127491e+01
6.558156115242692863e+01
6.564837881830820265e+01
6.508027219727354407e+01
6.532674824759121179e+01
6.349857518265325496e+01
6.680761244830902967e+01
6.541593415315378479e+01
6.577732855065823969e+01
6.552081067063932096e+01
6.723505857326209423e+01
6.653982949906361455e+01
6.708027788306800687e+01
6.612883429138096858e+01
6.579382687850987566e+01
6.384178805413717583e+01
6.716944451640438274e+01
6.618163941971604913e+01
6.535107217594820384e+01
6.709454997782648888e+01
6.502962196391119676e+01
6.621582026717868530e+01
6.671117204337592455e+01
6.452988689151524682e+01
6.324963509733156286e+01
6.689741082748115275e+01
6.616336731196248877e+01
6.417830925371262651e+01
6.566255140947377811e+01
6.440289119420437203e+01
6.710169261798344564e+01
6.609688732113443166e+01
6.608756131582390481e+01
6.691793716104838552e+01
6.603874654801929012e+01
6.711452401485350094e+01
6.642129916984460181e+01
6.680870564553475788e+01
6.761103900443262660e+01
6.682298811976991715e+01
6.741640828089867910e+01
6.722684005863506229e+01
6.591515080316726483e+01
6.845901171275382069e+01
6.868614408446200059e+01
6.809591421858945637e+01
6.766487620256461355e+01
6.918001370351495893e+01
6.811175629504454321e+01
6.719697087364862398e+01
6.867497989622371790e+01
6.868248910424625819e+01
6.780203811984084439e+01
6.685486250330052371e+01
6.697785412159687723e+01
6.854453718869250167e+01
6.732859193409844067e+01
6.807695378725486535e+01
6.755953162298324344e+01
6.822433477912103683e+01
6.857559260616086760e+01
6.717541959218873160e+01
6.888352513410487177e+01
6.611878208518136546e+01
6.363044684511113758e+01
6.465899136870626762e+01
6.484808499919994063e+01
6.399965115491672663e+01
6.735127416860113669e+01
6.876127566820032655e+01
6.900522728939282047e+01
6.832566964761836914e+01
6.533496645636050459e+01
6.855170927559834126e+01
6.767559024893711239e+01
6.799979034150419466e+01
6.685907564452466545e+01
6.805191434736222789e+01
6.893031515428167211e+01
6.752841152122550739e+01
6.443346820785340867e+01
6.672485662728351485e+01
6.896498100658361352e+01
6.914967460663447696e+01
6.526132565666055996e+01
6.908119211223251455e+01
6.902993546367866884e+01
6.923281308756725139e+01
6.588854710144036630e+01
6.906474369684056569e+01
6.899176984257059075e+01
6.940008528351850714e+01
6.936810988031608360e+01
6.825345673954804226e+01
6.610976716737911829e+01
6.896082894885444148e+01
6.885238677318061207e+01
6.754907557828379083e+01
6.912241974989167659e+01
6.763719729478955855e+01
6.931700880272353515e+01
6.910580245137232680e+01
6.965129843900417939e+01
6.720462058219955281e+01
6.920797412673789495e+01
6.659911747715581498e+01
6.746792130129600196e+01
6.848566108573216127e+01
6.544743905539004913e+01
6.841689169545786342e+01
6.709152155304228415e+01
6.886036874922378104e+01
6.878564880027644790e+01
6.710957911744155524e+01
6.844646695055257624e+01
6.914788699385735526e+01
6.915769851766708598e+01
6.765870697721099702e+01
6.896156395969090624e+01
6.935946922619541510e+01
6.882187537787936549e+01
6.883372561547994906e+01
6.392893624124442198e+01
6.851951971567683586e+01
6.832860153526429769e+01
6.846725516572992376e+01
6.818011514955693997e+01
6.852721790361756860e+01
6.869473010256388079e+01
6.679920209892071625e+01
6.850696810025728212e+01
6.798917791579783909e+01
6.775983215350501609e+01
6.635829816669969716e+01
6.838292741427105170e+01
6.570001110169562253e+01
6.726369884387545994e+01
6.379604999059240811e+01
6.697529387672041423e+01
6.584705158129979452e+01
6.854865912242497927e+01
6.683672390568347055e+01
6.679082514528265335e+01
6.810350381409973863e+01
6.764800515732386543e+01
6.724495926897972709e+01
6.740808555383995326e+01
6.768003711451144966e+01
6.684175796885878640e+01
6.613654983522228292e+01
6.632847152294334592e+01
6.762600931645980040e+01
6.863118133009899680e+01
6.853596747813324441e+01
6.783653360758788153e+01
6.710034385345821306e+01
6.788680726086448658e+01
6.665064926914126886e+01
6.767939969006648937e+01
6.550624930362891973e+01
6.671208743039524336e+01
6.771326067413801297e+01
6.737753519602365770e+01
6.612251238568674694e+01
6.661497412741418600e+01
6.752859671128851460e+01
6.613223530317253562e+01
6.690628805039656868e+01
6.579498625950267865e+01
6.594563098855077499e+01
6.522265778103717082e+01
6.653309038889551630e+01
6.448033251742361927e+01
6.543564895956839678e+01
6.583107797014868368e+01
6.614788346365398297e+01
6.625952359439138206e+01
6.348299177113752023e+01
6.700161612566853364e+01
6.707034390696827586e+01
6.501839334983077379e+01
6.683267494150553034e+01
6.481225936532541709e+01
6.660273327699069057e+01
6.550542585439896470e+01
6.566521539440178401e+01
6.608663123794642047e+01
6.469981687145511273e+01
6.437978275591002841e+01
6.556181651166241409e+01
6.608090929794155954e+01
6.649312067575438334e+01
6.543803588271602223e+01
6.724192736721703056e+01
6.595613518039533574e+01
6.351099222169048630e+01
6.477867010826285821e+01
6.625951679700425245e+01
6.664798474057583633e+01
6.581393992085729394e+01
6.434114590323189020e+01
6.548554992866849034e+01
6.630169092456982582e+01
6.575910686362260549e+01
6.449455328363958984e+01
6.433348674600800621e+01
6.535156852847005382e+01
6.568119665731796886e+01
6.450752916828490413e+01
6.460338221890104649e+01
6.438680734811204331e+01
6.499618180427916059e+01
6.582062980108440797e+01
6.434621357336008884e+01
6.379126524246952812e+01
6.494386197448092446e+01
6.497511209881247396e+01
6.349569281823706746e+01
6.417147474477363289e+01
6.426279336516293483e+01
6.483516246733341859e+01
6.481353026746040769e+01
6.383605979554773313e+01
6.397251467547098969e+01
6.408417836431145531e+01
6.423691051826303067e+01
6.391057073905945884e+01
6.136876014944380842e+01
6.212470448457217032e+01
6.368572624082678146e+01
6.322496117156149609e+01
6.451281556601547607e+01
6.472377229828022394e+01
6.381186593965436771e+01
6.491475484809872398e+01
6.409127023295800996e+01
6.425961275850497145e+01
6.383926802773369502e+01
6.342783315277076639e+01
6.472702172014450639e+01
6.388104695589350968e+01
6.419753774867551499e+01
6.415998895229327559e+01
6.319432979907086434e+01
6.395307685572967671e+01
6.351968895444520058e+01
6.442296293317350830e+01
6.397930595608994508e+01
6.423033063845066692e+01
6.318567824793235133e+01
6.314532511690705974e+01
6.364331795148948601e+01
6.391877812608473874e+01
6.344090181041647014e+01
6.304807890790799263e+01
6.285180709374115082e+01
6.323149598277970540e+01
6.203583354317555631e+01
6.311040258057760610e+01
6.186277903444906201e+01
6.275726738787361114e+01
6.336943203240332423e+01
6.368081051555977723e+01
6.466038320528831207e+01
6.303524348856521442e+01
6.285102154475462299e+01
6.303559285469139439e+01
6.363530219247363817e+01
6.265830448407793085e+01
6.189998713306591327e+01
6.261667218665517964e+01
6.233606725970422247e+01
6.275806817353416989e+01
6.386084589206368634e+01
6.398414391789731326e+01
6.289196987421378537e+01
6.270897253722009168e+01
6.261998975782052668e+01
6.249062065480949002e+01
6.302152410497459556e+01
6.211332112279682605e+01
6.376110467683086114e+01
6.321468873068683791e+01
6.297969227906868639e+01
6.351391502763190999e+01
6.263059514864176691e+01
6.314007123727230919e+01
6.173600854660131176e+01
6.277720606165667760e+01
6.249799426543120973e+01
6.259362999191776566e+01
6.345857808784555942e+01
6.187055632074937961e+01
6.108568782271859732e+01
6.233390092960288342e+01
6.228976801718743417e+01
6.235975478325158150e+01
6.184691384658485447e+01
6.202222809289811067e+01
6.192806133878760733e+01
6.244870853953743506e+01
6.271358803788118763e+01
6.181690229165914729e+01
6.308121321241271318e+01
6.079197044238465963e+01
6.214530687678492171e+01
6.108055091062540498e+01
5.929977078985594119e+01
6.231224471562444478e+01
6.204034531590567525e+01
6.262715516593138432e+01
6.243537915407661387e+01
6.181922333611647247e+01
6.127177310606527527e+01
6.144188799215712038e+01
6.157242933308609878e+01
6.189382499447984287e+01
6.218488272765341662e+01
6.150331203049040596e+01
6.230263213919366194e+01
6.084649838885563611e+01
6.150414301131422690e+01
6.164941126389945225e+01
6.287218013975290631e+01
6.130472339528161285e+01
6.191541062710402343e+01
6.216531565370108581e+01
6.108371052531792600e+01
6.184555093491216127e+01
6.145826333534628816e+01
6.154985244294083202e+01
6.166086556411205777e+01
5.957256190309541211e+01
6.072622527658546687e+01
5.995504098405682214e+01
6.159951957228193464e+01
6.162377161353951749e+01
6.084937141470390287e+01
6.116162736765346608e+01
6.176400313004988618e+01
6.101421960717461701e+01
6.075429484918704048e+01
6.182375017425032127e+01
6.021772504381637248e+01
6.140830969122666971e+01
6.187238304072204187e+01
6.123784969655461197e+01
6.191806415830092902e+01
5.935767449814473906e+01
6.031020557822720463e+01
6.089816116207872909e+01
6.115692810338616425e+01
6.194575504014446210e+01
6.150917445783278481e+01
5.997236487848567066e+01
6.102022585984519054e+01
6.164071093416355751e+01
6.109882736313863916e+01
6.192946478943637345e+01
5.904156198700641056e+01
5.993716112481260438e+01
5.833516082943410908e+01
5.972681954339329735e+01
6.081568926448721868e+01
6.058672868703898473e+01
6.025337002730780966e+01
6.013302156836575563e+01
6.105703912236828046e+01
5.749165940884142856e+01
6.092845049014797354e+01
6.105094102788103072e+01
6.036371653566916962e+01
5.911879459895578037e+01
6.182555781071534540e+01
6.060737737923064827e+01
6.114339993209301838e+01
5.967561948313989717e+01
6.028907583809960613e+01
6.053980173191884973e+01
5.909425203123372228e+01
5.950738668752422456e+01
6.016748576659789194e+01
5.950480453934886071e+01
5.958712011525508956e+01
6.015063401042392854e+01
6.124917109268709936e+01
6.120495535544811361e+01
6.107036579334722859e+01
5.923639393776041828e+01
6.040889629110191095e+01
6.129247660060525504e+01
5.995153649722426792e+01
5.788948035206389875e+01
5.884680175134928959e+01
5.911064174275473704e+01
6.051916080964483058e+01
6.009368337810610683e+01
5.738768342152891222e+01
6.026659107672518445e+01
5.908967096728841284e+01
5.941496620842182352e+01
6.039804451185821677e+01
6.015926560790467192e+01
6.030078739902113227e+01
5.725579121758070755e+01
6.076249486164717695e+01
5.936541723233395373e+01
6.010201132801459067e+01
5.971668810901565649e+01
5.625812901098177576e+01
5.975010750564590012e+01
5.828730780554808888e+01
5.906082901831468490e+01
5.811212564299911776e+01
5.505487530464118606e+01
6.002194997788563313e+01
6.036589950511582714e+01
5.784193941943064488e+01
6.007039983395129923e+01
6.066893764255428323e+01
5.974850941519027003e+01
5.731021106282719302e+01
5.803740112454229916e+01
5.947440976086499376e+01
5.930887183956551212e+01
5.963108972389593276e+01
5.735001308699424527e+01
6.018366789710409392e+01
6.078480443593151961e+01
5.914743461522496659e+01
6.064568490735724993e+01
5.232769119916760303e+01
6.025652447761268604e+01
5.401519765379130433e+01
5.779218385632013621e+01
5.763713557025434397e+01
5.659953875896636077e+01
5.736034083097486302e+01
5.968893371677157944e+01
5.300544468378304686e+01
5.858003514898056352e+01
5.742121559064461422e+01
5.935331188942621594e+01
6.086524799282919673e+01
6.022292739566770337e+01
5.534136577417442027e+01
5.789064726026568053e+01
6.008980494437209074e+01
5.973327920489099085e+01
5.849679525346463294e+01
5.872333730322610279e+01
5.665980785912680773e+01
5.910902251274803376e+01
5.102674419858531252e+01
5.900529857845656068e+01
5.735811924930244743e+01
5.715930336123376065e+01
5.879833266624918764e+01
5.625619561440622363e+01
5.954114309630288915e+01
5.136682206349605906e+01
6.037191558258719226e+01
5.974718538967611181e+01
5.863123810887880438e+01
5.952727548493354703e+01
5.063567504595222601e+01
5.960866317654803481e+01
5.357574977352356882e+01
5.879721668053788619e+01
5.738323683778224193e+01
5.944079445188783239e+01
5.880963868757490332e+01
5.805234526141876472e+01
5.836881473499478545e+01
5.942243962914408684e+01
4.927866080306603891e+01
5.694841598971841279e+01
5.699961574662533081e+01
5.920185538596157926e+01
5.902654021418015162e+01
5.687839970397709521e+01
5.959869633158973556e+01
5.231176798372468539e+01
5.521801424678670145e+01
5.862087253728301306e+01
5.769404794591586949e+01
5.835907741225376100e+01
5.859316076928516992e+01
5.945589679214522505e+01
5.622008494109832100e+01
5.820088812197909789e+01
5.913020097419054366e+01
5.858193985632163958e+01
5.104694503216943247e+01
5.897120102914138329e+01
5.055771173913206695e+01
5.818642637529920592e+01
5.683329175071924055e+01
5.811185157083957620e+01
5.737802381350405767e+01
5.872407237439181671e+01
5.087573609423374421e+01
5.681844440643801875e+01
5.862354153275384050e+01
5.871124267115569495e+01
5.633347158722704506e+01
5.577943613737539863e+01
5.624618874354619891e+01
5.684863073459410288e+01
5.891482819539761095e+01
5.613435600373843926e+01
5.873762421613141527e+01
5.508403537084880952e+01
5.733741767517422261e+01
5.899125987059890974e+01
5.655356466889073630e+01
5.727063235563144161e+01
5.769717705374097250e+01
4.942185528221055790e+01
5.755188025596753221e+01
5.812450957913356575e+01
5.840417880784040250e+01
5.853752506940637090e+01
5.918124353520720149e+01
4.927652448975598531e+01
5.787712238055438974e+01
5.610099920021805531e+01
5.825085683212827803e+01
5.971721578666709718e+01
5.803415137159658599e+01
5.839307272226496082e+01
5.052298312324938934e+01
5.834557750373666352e+01
5.826634871420154127e+01
5.040466859226935270e+01
5.467073348567281954e+01
5.659834130948711817e+01
4.906429677858606908e+01
5.620402642393732862e+01
5.840498335159577437e+01
5.858312445232394339e+01
5.853119700907667777e+01
5.632001907031201426e+01
5.823130898533063515e+01
5.790723799860850818e+01
5.421597092638130277e+01
5.911183289108723216e+01
4.787061089006738257e+01
5.715220016753871590e+01
5.624161516866436727e+01
5.645114567555651064e+01
5.796623711938170942e+01
5.547718036884270987e+01
5.791187855697396003e+01
5.843639776207518111e+01
5.508495915291067746e+01
5.924979757477466080e+01
5.883428007689172290e+01
5.151678599498124100e+01
5.703696544662427215e+01
5.758521642084459558e+01
5.923343117607956287e+01
5.744679192161526515e+01
5.743389525698871978e+01
5.823306217758582193e+01
5.718124637266927124e+01
5.669482727375344666e+01
4.958541719406083814e+01
5.743011093805012734e+01
5.781102380429118170e+01
5.845361930489155355e+01
5.069306485095023618e+01
5.761553228641520263e+01
5.815702604838898537e+01
5.828423535854769000e+01
5.379548163820588513e+01
5.780579227831385936e+01
5.707865045745883492e+01
4.825118294307594624e+01
5.645818853243805080e+01
5.758228211817839792e+01
5.764042514585558052e+01
5.207053658355335557e+01
5.695081406740723651e+01
5.778169611336946332e+01
5.869712948924550489e+01
5.778512904357924640e+01
5.550603826836746180e+01
5.723457486704722896e+01
5.093259350178365708e+01
5.715336337610788320e+01
5.261913565983225993e+01
5.724793251660680937e+01
4.730038967188851018e+01
5.674147486514848993e+01
5.739849895826379367e+01
5.452344636948474488e+01
5.618991625067472029e+01
5.914386149621812194e+01
5.727446973858365453e+01
5.404041512681261850e+01
5.563182616798791713e+01
5.789247434329807618e+01
4.855563368317065454e+01
5.510453507834732534e+01
5.710787952169149406e+01
5.737955785426521516e+01
5.689417558882558268e+01
5.745113969864637227e+01
5.719240560622775149e+01
5.819789598788905494e+01
5.864795597358066459e+01
4.677002115349870337e+01
5.530120797108927633e+01
5.905138062218171058e+01
4.797606420806650362e+01
5.699524705256291668e+01
4.874495929824554707e+01
5.668174343908724211e+01
4.725865940430461620e+01
5.631020298405441338e+01
5.907140155183961383e+01
4.712893079096994597e+01
5.583724649251342242e+01
5.808308216678158686e+01
5.751396744269392514e+01
4.715012244366698013e+01
5.532406028344070137e+01
4.687219052961120980e+01
5.685183970858820146e+01
5.659053372322898667e+01
5.712086743209231088e+01
4.808578665373347860e+01
5.655782638449538524e+01
5.844027987886548203e+01
5.730577697339833776e+01
5.106859601245850655e+01
5.728556755987474958e+01
4.769855688518796910e+01
5.595065462288194169e+01
5.469027474442369652e+01
5.723216055153125836e+01
4.794461387750018844e+01
5.733285228904885855e+01
5.722191353129373681e+01
5.658776706664423273e+01
5.792593289564866410e+01
4.845144128312197296e+01
5.614974987771947212e+01
4.877258223202034770e+01
5.706517195485518101e+01
4.635865915991136887e+01
5.706633332357614563e+01
5.761896908074517398e+01
4.737578051998266204e+01
5.769887854966314222e+01
4.784038681926002567e+01
5.643807030018012227e+01
4.647408897379337844e+01
5.567250763103218958e+01
4.673121080786873449e+01
5.636820683727679437e+01
4.838575481500726028e+01
5.682408003728559720e+01
5.744238536500650127e+01
4.653145420006232769e+01
5.680826725508974562e+01
5.873143136291444932e+01
4.758538396859263742e+01
5.609090286350441801e+01
5.838440716965278909e+01
5.667013395789503249e+01
5.714820687102191243e+01
5.672545452105352837e+01
5.717310608395287375e+01
5.679623452538918826e+01
4.596171764880650557e+01
5.429133383470504981e+01
5.848602155667504121e+01
5.839618124346363714e+01
4.631133652491924835e+01
5.698087694602759257e+01
5.766321787918098352e+01
4.650419630443499841e+01
5.625612239402097003e+01
4.704072323697239710e+01
5.595517986989445802e+01
4.682694388962956111e+01
5.617111781978297813e+01
4.730382669966406439e+01
5.602165613255910870e+01
5.802938243851603772e+01
4.707870102822342773e+01
5.614068508509460287e+01
4.555762368694740871e+01
5.507907808542018557e+01
5.918632627032062032e+01
4.718871580472644922e+01
5.607248112382313820e+01
4.727576197519518786e+01
5.656909755528332795e+01
4.543746092081351406e+01
5.656774350916667515e+01
4.763397476298123223e+01
5.623918174678548354e+01
5.779679811424313129e+01
4.565801557227037222e+01
5.480810302668365352e+01
5.818411263584945203e+01
4.487835348049903672e+01
5.663807022041291361e+01
4.558433479654193121e+01
5.557701144582343034e+01
5.674219831161645544e+01
4.755070992845982403e+01
5.609018045303572109e+01
4.643563885723528983e+01
5.535885681493055444e+01
5.664151653850899493e+01
5.797274363003286624e+01
5.709081420969960874e+01
4.803647763977337348e+01
5.687392556383893094e+01
5.649952140217255447e+01
5.801674333087959923e+01
4.720741015709504751e+01
5.559756024121253404e+01
5.748982865629370309e+01
4.516938750189203944e+01
5.648347436052443271e+01
5.547889616352076558e+01
4.669075258635684378e+01
5.556999138689729278e+01
4.550083157537049061e+01
5.545809311452278223e+01
5.801995926401941261e+01
5.761623645394132609e+01
4.658010838449999369e+01
5.608996817497722986e+01
5.678547091174716854e+01
5.703274580284499962e+01
4.604952925750280457e+01
5.600383674998935390e+01
4.638962540651432676e+01
5.645014067260476764e+01
5.719655939740659534e+01
5.797243736410926829e+01
4.655631517055857671e+01
5.662045193004716026e+01
5.694743321431832328e+01
5.867587006219376633e+01
5.594758893654168475e+01
4.651223348164002402e+01
5.666184789355109785e+01
5.698081437536951199e+01
5.794454031105642855e+01
5.685952154809822900e+01
5.781690980788690837e+01
4.643607394916892162e+01
5.756832797155765746e+01
5.821624796569340532e+01
5.653322556940067756e+01
4.656348483166944874e+01
5.688420896239854585e+01
5.708798563069830578e+01
5.654329462537364037e+01
5.667977438600526341e+01
4.540537614156101398e+01
5.538835207141195127e+01
5.631871510784018398e+01
5.794947291442686321e+01
4.582739803903979237e+01
5.631672225206965265e+01
5.688201492831562689e+01
4.588103654975645895e+01
5.622894198447707481e+01
5.659455797653909315e+01
5.703668958213584972e+01
5.806337040830625540e+01
5.643209782188338153e+01
5.719703883745598461e+01
5.716224610649495474e+01
5.781267363168741724e+01
5.748817326017562124e+01
5.641542068041086111e+01
5.726577660318466911e+01
5.567151955909291416e+01
5.566164486766151498e+01
5.666253749961188646e+01
4.620020761782747343e+01
5.610227892002702532e+01
4.466407135888611180e+01
5.429670188278922893e+01
4.532375845157478977e+01
5.552762424232357574e+01
5.718918328387631078e+01
5.594591570345802722e+01
5.801011946240986106e+01
5.608409949441266207e+01
5.616655696990374480e+01
4.564253836620206783e+01
5.545564156160003222e+01
5.654314037189970321e+01
5.587162164889350890e+01
5.597760494603777204e+01
5.691136133524565821e+01
5.706041858991565618e+01
5.647091412165043067e+01
5.584248695466043699e+01
5.727554585754072747e+01
5.745751544906497088e+01
5.741434520089130444e+01
5.571351180710442463e+01
5.700413186186132464e+01
5.675576603780300644e+01
5.778591133599486085e+01
5.614344026220376094e+01
5.565934655363585648e+01
5.578871760106478206e+01
5.561748913646978565e+01
5.723928915240787774e+01
5.715120876211544498e+01
5.760698274088852600e+01
5.593118190914532306e+01
5.701241151179992528e+01
5.561452908325983913e+01
4.563134973364571323e+01
5.561486224483761021e+01
5.605131994334144707e+01
5.640503304019539144e+01
5.678349773248650223e+01
5.712695461225681726e+01
5.630564695610446080e+01
5.665781726023777765e+01
5.636499304297208113e+01
5.743084862980969518e+01
5.721145984137386620e+01
5.549448906454430386e+01
5.699495946698409199e+01
5.619869038251227522e+01
5.595663702119593808e+01
5.741108948364819042e+01
5.573456500645986722e+01
5.761546337928379558e+01
5.737856437433083556e+01
5.749070191668023000e+01
5.705553380509044814e+01
5.641018517733964899e+01
5.619653887250628799e+01
5.615336672882927616e+01
5.616726006452710607e+01
5.758138934202803938e+01
5.565237436500683543e+01
5.472891329557452877e+01
5.668150978588059274e+01
5.675659582397304348e+01
5.648702683568110672e+01
5.524313864881769831e+01
5.580269085995058020e+01
5.697855578179391500e+01
5.649726095701458917e+01
5.693932675806880184e+01
5.601618710567703374e+01
5.593724489142346101e+01
5.644951286426236692e+01
5.583234268446100401e+01
5.657363691118458604e+01
5.577378836400119866e+01
5.611538924718415444e+01
5.736919195183399722e+01
5.691675223419676399e+01
5.546270953616457433e+01
5.797360380005472535e+01
5.743042315719845448e+01
5.712043567890344065e+01
5.604540601894218810e+01
5.690789283918778807e+01
5.694176198896506236e+01
5.609847702945304349e+01
5.672318302829879855e+01
5.537032289048190847e+01
5.581374328159969167e+01
5.594698152831885096e+01
5.595367525477807646e+01
5.622430801612058815e+01
5.667424146517699768e+01
5.665075926475928725e+01
5.721600054558295767e+01
5.604838639005972567e+01
5.531156442013262620e+01
5.632424163563229769e+01
5.566391879313793112e+01
5.760656815610636272e+01
5.665369056739132247e+01
5.616638305802488418e+01
5.517160368690187511e+01
5.755775482344018457e+01
5.548360996985149285e+01
5.644528120017031370e+01
5.673727436972654203e+01
5.511945821439939408e+01
5.648752481871005671e+01
5.541338197741003313e+01
5.690851133930128469e+01
5.576439855652658650e+01
5.738828297589332550e+01
5.590493237755367772e+01
5.659361255730943441e+01
5.564641859705157856e+01
5.663468021457673984e+01
5.780060011951243837e+01
5.657786724121351796e+01
5.561629166445182193e+01
5.511799203951991188e+01
5.532395354593859338e+01
5.631874667162802695e+01
5.627327993614585466e+01
5.532932862643236405e+01
5.580785513668308795e+01
5.704552987791368679e+01
5.659247980295492653e+01
5.549114787223461320e+01
5.686066274758731964e+01
5.488214804679624592e+01
5.618860594858978175e+01
5.641889168075297789e+01
5.566077492576261676e+01
5.775136553715232424e+01
5.623118231283657309e+01
5.605421570582738156e+01
5.696498254172682607e+01
5.553715558119859708e+01
5.580197910235723668e+01
5.700197358642306256e+01
5.674822166448436178e+01
5.627199514353869603e+01
5.592150060183037397e+01
5.646639281424238277e+01
5.554819980741590513e+01
5.612024381312749455e+01
5.659933474457537272e+01
5.546100336498991368e+01
5.643187719407990954e+01
5.638766740951474077e+01
5.456670197465626870e+01
5.578384305991907866e+01
5.467827912146083946e+01
5.595551142711219228e+01
5.584921012921519434e+01
5.621272733154849277e+01
5.558935269307738736e+01
5.566155882778437558e+01
5.655132227645508181e+01
5.639754630348982545e+01
5.596679675242089758e+01
5.582840144693560092e+01
5.631073416595616976e+01
5.668486471658482628e+01
5.577639027414595319e+01
5.708351036280652835e+01
5.721560681669860315e+01
5.645585793135471420e+01
5.620609414944333793e+01
5.588404467729150582e+01
5.646409684824387654e+01
5.555703544774083014e+01
5.590315047649966118e+01
5.682206013366304376e+01
5.620431132336592128e+01
5.661937466117206696e+01
5.553779216946357167e+01
5.509084440028244245e+01
5.613884788589901831e+01
5.589601924388573906e+01
5.543526980664669424e+01
5.652453668933964792e+01
5.597339984148796077e+01
5.676477734708663547e+01
5.657446056445536442e+01
5.714490089105186144e+01
5.526246340207337227e+01
5.787676941977276357e+01
5.556532819774472642e+01
5.598131585835879065e+01
5.576319357142919841e+01
5.675299377701188774e+01
5.670168184235059528e+01
5.593336930163337684e+01
5.633786919881282529e+01
5.653935751117257524e+01
5.637904154952942548e+01
5.632279328928726159e+01
5.491216739988684026e+01
5.588041941144089009e+01
5.449809980956242583e+01
5.644681046959382797e+01
5.427694050822006488e+01
5.552941264287429135e+01
5.665950958425448647e+01
5.768286741019633723e+01
5.495317998851028563e+01
5.630165944528158661e+01
5.621739147256892011e+01
5.708373963057945133e+01
5.797284587266255329e+01
5.702411595030605440e+01
5.571083607865846687e+01
5.519457990867564945e+01
5.663804603550372008e+01
5.606910627759572208e+01
5.689796114366729540e+01
5.487897392174085809e+01
5.572288394396068867e+01
5.568188859630612342e+01
5.531337236385662237e+01
5.615346453954411032e+01
5.741556363304309940e+01
5.562687995806634689e+01
5.556507527688951598e+01
5.561135653370007503e+01
5.513200048231041706e+01
5.654435557186931760e+01
5.714570730457700165e+01
5.782164745260159577e+01
5.535197896508698534e+01
5.584612237059813822e+01
5.676919285672314430e+01
5.591896092713624711e+01
5.545674824737809416e+01
5.640493175740205345e+01
5.675320240494119162e+01
5.618187667102696281e+01
5.491737932789418153e+01
5.602983517021463200e+01
5.638147165117810999e+01
5.685271415564540831e+01
5.625952109180088456e+01
5.566557643188302507e+01
5.589906561619200431e+01
5.563317492003352527e+01
5.623351602794397053e+01
5.641729178496945707e+01
5.609679754171593657e+01
5.558061168269954777e+01
5.663925345981905224e+01
5.761762531464431447e+01
5.654635923355032645e+01
5.693731600010915628e+01
5.734969180532413446e+01
5.634278645993975942e+01
5.599691607212916011e+01
5.588298734055077688e+01
5.680595149923269815e+01
5.744568371775716287e+01
5.580336056937539979e+01
5.589152209632566581e+01
5.632062251820442356e+01
5.556360171709808071e+01
5.513487577492702485e+01
5.582352456591680578e+01
5.665228470350120205e+01
5.615815492052220748e+01
5.609202823131303006e+01
5.600658877594614182e+01
5.625082793011555538e+01
5.563504982899598872e+01
5.537570782018868698e+01
5.484632816899016206e+01
5.616407672436243814e+01
5.656626145116894122e+01
5.667970645506749605e+01
5.562205577083678776e+01
5.658078561760351022e+01
5.606341126404428366e+01
5.544788382523220349e+01
5.581207771117854577e+01
5.638974114600997467e+01
5.536730877571265808e+01
5.703563913624186199e+01
5.623845201795707993e+01
5.566695546889066293e+01
5.492000777405290535e+01
5.686833308823230482e+01
5.527067356333001413e+01
5.409659348159125614e+01
5.672833410977126078e+01
5.616658402751139079e+01
5.588940443773896050e+01
5.564832758381452749e+01
5.633342503605739182e+01
5.653404692968801015e+01
5.515725225404014509e+01
5.625778690186500341e+01
5.604487971512332223e+01
5.700837972588763591e+01
5.692397941555188368e+01
5.581747443343192572e+01
5.524574276411667739e+01
5.597562232662550485e+01
5.590709698345942513e+01
5.524683575510905342e+01
5.585638016350056034e+01
5.603117098652320749e+01
5.677832170768307662e+01
5.598742815096539260e+01
5.695451756756137485e+01
5.635174291956692372e+01
5.601697919066165809e+01
5.572986624941511025e+01
5.524251105869666389e+01
5.752213568305779745e+01
5.566744080738310174e+01
5.677551118783286199e+01
5.611651889436032548e+01
5.706023724335693714e+01
5.522578757392455628e+01
5.600335012237560051e+01
5.589985516477202054e+01
5.510573734714432703e+01
5.652313045470700104e+01
5.639290981769029543e+01
5.623991703880921023e+01
5.658415415621900024e+01
5.593988211219535600e+01
5.544933762102269981e+01
5.629499373467969292e+01
5.669235576528838294e+01
5.661220432817970050e+01
5.654166692716557918e+01
5.624584593494473239e+01
5.590762412233772949e+01
5.741534021022497569e+01
5.630017290813029973e+01
5.584722075409201381e+01
5.765168814456549029e+01
5.710081219692237653e+01
5.622301828124562206e+01
5.634741784963476618e+01
5.488550732597950343e+01
5.670140724715405156e+01
5.587754471238814347e+01
5.536782821865298843e+01
5.660543194304590031e+01
5.691998907909153615e+01
5.600012707942155288e+01
5.560609364352094985e+01
5.703251998643830945e+01
5.613351517226636389e+01
5.525839813751736784e+01
5.558409832530031025e+01
5.643255873105563580e+01
5.537448219400048544e+01
5.558748855604907391e+01
5.674412625257257048e+01
5.621821995508708625e+01
5.565696985758535931e+01
5.702630841419079388e+01
5.722326926844379358e+01
5.461030909396935584e+01
5.587196510404311312e+01
5.680201294225286546e+01
5.596283673047830121e+01
5.541811974150233056e+01
5.628869865093988523e+01
5.565076279874458720e+01
5.564017449647203506e+01
5.576823319219400332e+01
5.553963782100942126e+01
5.587684609635969224e+01
5.519642759251569686e+01
5.570996461253739795e+01
5.558473987491834833e+01
5.582577066449480441e+01
5.651078441390055218e+01
5.652326227286084759e+01
5.678376304243604267e+01
5.514810515513183020e+01
5.542923782321245341e+01
5.738034777335429482e+01
5.635249077509185867e+01
5.621832703457891967e+01
5.711745494434104842e+01
5.614047681827173619e+01
5.575450092499205823e+01
5.604142534123290886e+01
5.607033263400148826e+01
5.587607069467963328e+01
5.576262078239626874e+01
5.532095909323548710e+01
5.627567779999611730e+01
5.793447349000672375e+01
5.648316623230522282e+01
5.503080749037867747e+01
5.628365350922311450e+01
5.628110385407907046e+01
5.586342047272636790e+01
5.667695074922411891e+01
5.597343271597193137e+01
5.512809435852771145e+01
5.589367540317813621e+01
5.605090483044970995e+01
5.692514319163173298e+01
5.613081550271868281e+01
5.697955836806009700e+01
5.567862695076398438e+01
5.603788974964494685e+01
5.553623759181414954e+01
5.606784315403312036e+01
5.604489778050869120e+01
5.724145794758780426e+01
5.553040469152638536e+01
5.551062832844007744e+01
5.480268248386364149e+01
5.569642879680576186e+01
5.516135015652286455e+01
5.662844819901398097e+01
5.685579300156923921e+01
5.657367811778662059e+01
5.609848720228725938e+01
5.549822487923014336e+01
5.579295335107907050e+01
5.713736183039699768e+01
5.662219016986951203e+01
5.619794086462113114e+01
5.585791737032602811e+01
5.606853409443647251e+01
5.661782996497490927e+01
5.596354773771047064e+01
5.719641003110965016e+01
5.708908055788862157e+01
5.737994557190495470e+01
5.578815024600751116e+01
5.716564659344381738e+01
5.522445717338171534e+01
5.701499383007208621e+01
5.640929039866843908e+01
5.539372897767623982e+01
5.607412188380430251e+01
5.673893626953847757e+01
5.498754127297200256e+01
5.505091418122126612e+01
5.571072711084242002e+01
5.579352504516913314e+01
5.577918467865862340e+01
5.581762567621198201e+01
5.600425349950715770e+01
5.562632530534086328e+01
5.655337515339345345e+01
5.655376309522340961e+01
5.622893790440757300e+01
5.553984806217173542e+01
5.670890891691815483e+01
5.583378249317991049e+01
5.628831015244095681e+01
5.522472105589514513e+01
5.449764691505380654e+01
5.639785755532291489e+01
5.645548534761783799e+01
5.627591072502117697e+01
5.589832537250615019e+01
5.725764530086956938e+01
5.700604091200569457e+01
5.674146749810953594e+01
5.526387728374385233e+01
5.536551815483781525e+01
5.582360546230419374e+01
5.534627843692051385e+01
5.532692123021683983e+01
5.582885894574495467e+01
5.822822704210194189e+01
5.666883349762026967e+01
5.672851460846793969e+01
5.622219632466551076e+01
5.555061307397828330e+01
5.577973172163314075e+01
5.557087829094058407e+01
5.482751042525730867e+01
5.611351851241006727e+01
5.595565343114895285e+01
5.638258221205941823e+01
5.588658887864965408e+01
5.532975261327742089e+01
5.633289708270549312e+01
5.747186441391902179e+01
5.593728562384838909e+01
5.638253005572332910e+01
5.619301321768119095e+01
5.684861310879333729e+01
5.559726650553036364e+01
5.629930207935597508e+01
5.662310778157822000e+01
5.620638019656998807e+01
5.550570830158670077e+01
5.636301719063637705e+01
5.567840864710304771e+01
5.685143716891987253e+01
5.650813096891511123e+01
5.475081626470084473e+01
5.682897401431125672e+01
5.723379626438390488e+01
5.658419862200521067e+01
5.655390692403317132e+01
5.560274888169163887e+01
5.468662026912505780e+01
5.612585189442810218e+01
5.645833421059278834e+01
5.625961441819080022e+01
5.707407497910298844e+01
5.708077627918595454e+01
5.618671497345821564e+01
5.616164060111991319e+01
5.516777366931560778e+01
5.711296442369049231e+01
5.748667357488319141e+01
5.508926114196810175e+01
5.648053540883208967e+01
5.628034721837189380e+01
5.562329264879262780e+01
5.495916284824514975e+01
5.723739189397953453e+01
5.520792188488884022e+01
5.468656351047137321e+01
5.633723624417727649e+01
5.727777606737931393e+01
5.677332246374650282e+01
5.647729757998885702e+01
5.633294078919464454e+01
5.669372164218389543e+01
5.608135274499912271e+01
5.540190189859760039e+01
5.632726948876232598e+01
5.579444201514573365e+01
5.663212126140572877e+01
5.493777042016214551e+01
5.533547174013603609e+01
5.641448217771181817e+01
5.569017842001743190e+01
5.646728463564843281e+01
5.523229360539505706e+01
5.667199746982986852e+01
5.581677961726367698e+01
5.754307314795083528e+01
5.486330835704738718e+01
5.495585860965270797e+01
5.714834347313217933e+01
5.591611401689313965e+01
5.556705329562178974e+01
5.661623502353941007e+01
5.558003772978382528e+01
5.744302702064801736e+01
5.570420857161214201e+01
5.694540928429152871e+01
5.631454701883862413e+01
5.532248046055443069e+01
5.638824306246402074e+01
5.507506440945407888e+01
5.569447008657738962e+01
5.619726030868707767e+01
5.725710552060301239e+01
5.671499529943842077e+01
5.609691497053879061e+01
5.617710959827317652e+01
5.572318967795819589e+01
5.691359806472534189e+01
5.626241903158737045e+01
5.529853953040024805e+01
5.555065928617838722e+01
5.474764600783367285e+01
5.652869051674421996e+01
5.608337800488853020e+01
5.570724294307712654e+01
5.597271921681726781e+01
5.573695902332386254e+01
5.701325213192819774e+01
5.638889296748128288e+01
5.604991080421742566e+01
5.596015842622735192e+01
5.605642158693843413e+01
5.593486238949398626e+01
5.489367290015798062e+01
5.678568724949993651e+01
5.510101941141245874e+01
5.468726478330492569e+01
5.599775621547464510e+01
5.621919273980184784e+01
5.678162291078388790e+01
5.585134833617370731e+01
5.620383866484517199e+01
5.451561393055645510e+01
5.567818478679692618e+01
5.562977213586689373e+01
5.429413401992354693e+01
5.531330669806170874e+01
5.632345952623479945e+01
5.594693530950652871e+01
5.651883590897018195e+01
5.691243483633145672e+01
5.617538539599050296e+01
5.620976065404112632e+01
5.543376026413224622e+01
5.716854479278864432e+01
5.600724509317999633e+01
5.672010381404249557e+01
5.658792682172448707e+01
5.576261933687635519e+01
5.608071054802658750e+01
5.463342958248569659e+01
5.653626367958483456e+01
5.460448892852936353e+01
5.529399685596093406e+01
5.548687848182559890e+01
5.528194352029553471e+01
5.465784206990314686e+01
5.598794896104905661e+01
5.705076536919720098e+01
5.631098075287435734e+01
5.634549073376123118e+01
5.601966283090541765e+01
5.660377304972152501e+01
5.640079728828568051e+01
5.600995777152466815e+01
5.579771255817579600e+01
5.664436917749530664e+01
5.501404121401650826e+01
5.522583300539479723e+01
5.549405848854621581e+01
5.516950477452046186e+01
5.681456699030265156e+01
5.577509211057184757e+01
5.659511520676120711e+01
5.595488540525600740e+01
5.539423650091993778e+01
5.530972979708341342e+01
5.605822983033314699e+01
5.698678432132275162e+01
5.508583907815321368e+01
5.556046763983017200e+01
5.606238549772211854e+01
5.646599146287962867e+01
5.554724447775787155e+01
5.745995939665649388e+01
5.671100989843638729e+01
5.466208941005534427e+01
5.515081214371866736e+01
5.662446429568259987e+01
5.493362256203501204e+01
5.583276842157602005e+01
5.557050219406977476e+01
5.610398768308247952e+01
5.472622489161128101e+01
5.615163639856503153e+01
5.504069870182152613e+01
5.524492838776044579e+01
5.488589075594506284e+01
5.580120734191149978e+01
5.435927222639584500e+01
5.585980482734127861e+01
5.558259045154731126e+01
5.590437534944481257e+01
5.742643776459049576e+01
5.608978226733100314e+01
5.585149875883860915e+01
5.689293930587744796e+01
5.517898041786369134e+01
5.498713936568743321e+01
5.606990110449365261e+01
5.610794705608460475e+01
5.463086534907982639e+01
5.544377631382159421e+01
5.589972423255801459e+01
5.531424857391476024e+01
5.541994931984267225e+01
5.585396526708217380e+01
5.604707141447497776e+01
5.579502656127758087e+01
5.525808799476040889e+01
5.610768265634987984e+01
5.623469835244783610e+01
5.533585645282909837e+01
5.582580612594092173e+01
5.692155030414879491e+01
5.602533429764212514e+01
5.710427672255718079e+01
5.624433570359958878e+01
5.601332567260867279e+01
5.564342908110523211e+01
5.742048644601939600e+01
5.426374146208917182e+01
5.585918224815197419e+01
5.604400223513501800e+01
5.555275891482492767e+01
5.630454224352813242e+01
5.524093470346360135e+01
5.800853165701359870e+01
5.679133244820404514e+01
5.534734535404265898e+01
5.551697366691952595e+01
5.496972782202396957e+01
5.679012038860790312e+01
5.602058931415121634e+01
5.504412145928259292e+01
5.566343868473860113e+01
5.736103594073298240e+01
5.601987081817713232e+01
5.563546908069458397e+01
5.460546776481690046e+01
5.579915300518452170e+01
5.593615951147899779e+01
5.697846733294095145e+01
5.573218875874759703e+01
5.582095087030658931e+01
5.556139418830264987e+01
5.614615542860341435e+01
5.362474962224379738e+01
5.543793015305200811e+01
5.594226805879075215e+01
5.468605734937541740e+01
5.657005903795576529e+01
5.721275164034720007e+01
5.476337204247086987e+01
5.514139490339194083e+01
5.677323590991269242e+01
5.640210444596645090e+01
5.566164674537422741e+01
5.477657753793470619e+01
5.426564819982399968e+01
5.493608138855850598e+01
5.497796980469396289e+01
5.593982912403770769e+01
5.544990233816829317e+01
5.549815217549998891e+01
5.659728425640349059e+01
5.595094131645750934e+01
5.634867587220022500e+01
5.425639161210732198e+01
5.566500966322119126e+01
5.473300721897972920e+01
5.594896968103260093e+01
5.399146506195008755e+01
5.599040502250979046e+01
5.502141257086228876e+01
5.346689093541893811e+01
5.546452952997828589e+01
5.703565617347002359e+01
5.642160384763742087e+01
5.609886721851084701e+01
5.698854177524052034e+01
5.609792123838998634e+01
5.654558038378703344e+01
5.523026560882762936e+01
5.523884210139052442e+01
5.476878766861558034e+01
5.653898215683965134e+01
5.511616889450819912e+01
5.506764752006336039e+01
5.624312830143571773e+01
5.455376020812055060e+01
5.581658538317960705e+01
5.389952636688768450e+01
5.430563621400202123e+01
5.540930951437643159e+01
5.427357988560097368e+01
5.544894958331306611e+01
5.561667645131929305e+01
5.301110141112780383e+01
5.583936818257532764e+01
5.388562710804630740e+01
5.579427799909014851e+01
5.609417589827868511e+01
5.494873697969631365e+01
5.356973160813188173e+01
5.510796414177342939e+01
5.566994261883739625e+01
5.579011874286101147e+01
5.591884437722224988e+01
5.555100558104066266e+01
5.425801810228738020e+01
5.462628831227976889e+01
5.517960370807910664e+01
5.306330823768166738e+01
5.564525096411645677e+01
5.324095335232986770e+01
5.431666644879314987e+01
5.435287971099139526e+01
5.565367511340010509e+01
5.550154341056182261e+01
5.425897830606353267e+01
5.474240002750880052e+01
5.404455851570039471e+01
5.553658696739975653e+01
5.661507653981257704e+01
5.465882699980308246e+01
5.566351025591485779e+01
5.310875266444655551e+01
5.528300743566805409e+01
5.465068443935296472e+01
5.388408058345524410e+01
5.401070766933099065e+01
5.505704305608976767e+01
5.626583844695542780e+01
5.501405785063693088e+01
5.744895240661855951e+01
5.407318125892424376e+01
