3.529458124201184432e+01
3.482656838389858223e+01
3.426965489624744521e+01
3.447627233124444501e+01
3.371419705995410965e+01
3.402797399880804363e+01
3.518393955886485003e+01
3.516936834427554004e+01
3.310009388347465631e+01
3.388907607541779754e+01
3.364350591460170392e+01
3.416270978767630595e+01
3.327161124879523157e+01
3.341122755133304167e+01
3.277928121403189721e+01
3.310683624440338235e+01
3.406280400256757446e+01
3.295954002262165261e+01
3.308151009450786262e+01
3.331861540381442666e+01
3.312876321403942370e+01
3.289118950885191595e+01
3.290714294333579204e+01
3.304426057419804152e+01
3.306913540717435041e+01
3.300247050124958292e+01
3.322922465754675159e+01
3.281572574122852615e+01
3.287489353522700242e+01
3.296317000793664675e+01
3.273933719604757897e+01
3.280749510314212358e+01
3.287121277855821688e+01
3.277390783487376069e+01
3.280381163888694829e+01
3.282775061358120183e+01
3.269705353997590436e+01
3.287058713950379740e+01
3.285946878721694731e+01
3.272498639615702842e+01
3.295533150501797337e+01
3.279435819551832765e+01
3.258962679235296633e+01
3.294757666938953378e+01
3.285566002445635547e+01
3.278832811529266422e+01
3.314461350169344200e+01
3.283854388835191429e+01
3.268509901413618479e+01
3.278457317208660271e+01
3.272576032647297950e+01
3.302264001497121626e+01
3.302294043141694857e+01
3.279712507770602770e+01
3.285420694918096984e+01
3.276775230691689700e+01
3.282260324552901665e+01
3.266270616998756537e+01
3.279156835378020673e+01
3.279084293492436331e+01
3.265285024165644501e+01
3.271061763511486475e+01
3.270079528737583985e+01
3.280491556006871434e+01
3.288235400713394796e+01
3.267521215071803198e+01
3.281863061169246265e+01
3.298528978069020923e+01
3.277551712548848428e+01
3.277821063104592270e+01
3.259975707438083958e+01
3.298714184430168217e+01
3.270761812867369400e+01
3.293420717927197217e+01
3.283008501733544904e+01
3.281916557028869619e+01
3.260957565034139094e+01
3.267947036485098522e+01
3.278164248020788563e+01
3.283389973095718517e+01
3.286992045381779093e+01
3.269096582249820671e+01
3.276232632058500371e+01
3.301953969008486212e+01
3.309370629103342765e+01
3.302001786686452789e+01
3.270847590115770487e+01
3.298693206037451375e+01
3.285257633191238114e+01
3.290350776714640091e+01
3.274534671963460397e+01
3.275680243068502762e+01
3.286415992094239158e+01
3.266342142679074811e+01
3.280710987984522831e+01
3.271666943000013816e+01
3.262571425314938978e+01
3.261956247320672730e+01
3.283254444569549690e+01
3.290983707115059076e+01
3.275545518901631681e+01
3.289886608529019441e+01
3.276767455999314649e+01
3.305076566515911907e+01
3.279681636637013042e+01
3.288146795640995634e+01
3.280637104785414948e+01
3.278787650455777225e+01
3.283749612827147502e+01
3.276413710123363643e+01
3.274701917173126020e+01
3.276657230377201557e+01
3.289162377505328294e+01
3.285322321716575544e+01
3.285340145310942006e+01
3.299027358467827042e+01
3.274874677538791445e+01
3.303037418604760234e+01
3.287664548941358333e+01
3.275594246582689095e+01
3.272116912980967385e+01
3.276503312922585565e+01
3.272094669086988716e+01
3.262257210161295973e+01
3.286671331753031922e+01
3.277984047706514303e+01
3.287400778399879187e+01
3.273402899231162877e+01
3.266728213392850932e+01
3.298267923506192290e+01
3.286982142158489495e+01
3.272462930405762904e+01
3.271251616486086533e+01
3.265518534238750448e+01
3.264067044561645758e+01
3.284163909653776869e+01
3.293274458627562495e+01
3.280200507422726020e+01
3.288601356472115356e+01
3.274828818970646438e+01
3.278249387970166140e+01
3.296503045436538315e+01
3.271904216170418067e+01
3.289029469013644302e+01
3.294890493112406205e+01
3.291307800842929510e+01
3.292712730499528107e+01
3.280857649756016059e+01
3.279084759369364122e+01
3.309078390192965458e+01
3.288137367887522089e+01
3.273893180802277669e+01
3.290695483440369173e+01
3.297026869159849127e+01
3.280662768584765132e+01
3.277406788806724336e+01
3.283419560598218823e+01
3.270977902140192128e+01
3.274062538832956193e+01
3.296849001648044464e+01
3.273105152822940767e+01
3.278959261931925795e+01
3.293613968765681932e+01
3.291177639242135200e+01
3.265658614307089636e+01
3.270290051831499767e+01
3.283459584856294100e+01
3.268973334357374227e+01
3.276349106963035496e+01
3.298722532711384758e+01
3.272466111048640869e+01
3.274596364138726301e+01
3.274208898851411220e+01
3.277689757987491248e+01
3.270512233272081204e+01
3.276711540103189435e+01
3.271247462246010684e+01
3.286466761001468484e+01
3.274940469354788064e+01
3.297525616414436911e+01
3.265821009331170899e+01
3.267571029207338285e+01
3.269623870805340715e+01
3.288595238984703428e+01
3.304183792320628044e+01
3.280075817559526996e+01
3.295233955510794743e+01
3.271078285211710579e+01
3.278616233765851007e+01
3.290254712956585337e+01
3.290026241280137498e+01
3.267571053063031883e+01
3.276018133149469236e+01
3.286726416452078325e+01
3.291429082093029024e+01
3.269855482298740412e+01
3.271633530288473679e+01
3.272347978097003818e+01
3.285473863147151263e+01
3.278491121350567994e+01
3.290263488392982794e+01
3.275431716986290809e+01
3.263287396453223721e+01
3.282798473612023571e+01
3.285105091342533967e+01
3.287576872850256393e+01
3.298880749287575043e+01
3.276419214906253075e+01
3.276476524520304423e+01
3.291410678923923427e+01
3.288295318070651518e+01
3.271262743835475817e+01
3.278404021982311889e+01
3.272457701061496493e+01
3.277319254388916647e+01
3.282770675713837250e+01
3.301426163974467443e+01
3.282329791225656379e+01
3.290440719298990757e+01
3.267289315912884717e+01
3.269439351291813978e+01
3.271075588161190240e+01
3.273409436025335140e+01
3.264037675760116741e+01
3.275562124277067255e+01
3.280209602599206420e+01
3.270640059759482199e+01
3.271220910085135358e+01
3.266829240405716206e+01
3.277557025775891475e+01
3.305542500141843476e+01
3.273841711499513707e+01
3.262880313341314320e+01
3.256893272158370678e+01
3.268590346002287816e+01
3.270931615151505412e+01
3.286351446996587100e+01
3.282163121153249818e+01
3.282771122500105321e+01
3.273200741890819643e+01
3.305915282570306601e+01
3.277572540495754083e+01
3.276250934513047497e+01
3.280153944893707063e+01
3.307248994036087453e+01
3.286296427973592671e+01
3.282731089690069837e+01
3.293162248394419578e+01
3.298516881467434558e+01
3.270308327942470328e+01
3.267599669408615171e+01
3.290935325779994969e+01
3.267479732951494498e+01
3.261401842397173567e+01
3.280406048777237515e+01
3.273139565422780350e+01
3.267735620204495461e+01
3.311066819967837915e+01
3.270307794313498562e+01
3.286345805368403461e+01
3.277161050339549320e+01
3.297898868009420426e+01
3.283857097151790327e+01
3.320782034669117166e+01
3.280643671785374238e+01
3.260650242686426026e+01
3.263852057787399730e+01
3.280828377313525834e+01
3.273627533478232010e+01
3.296325586404267227e+01
3.289329924373490144e+01
3.273425196217474564e+01
3.273266943174160559e+01
3.275929500327035271e+01
3.286128079034156713e+01
3.279528940569772999e+01
3.283340547049230196e+01
3.276068820295520112e+01
3.280602696009538732e+01
3.273763119470047656e+01
3.263333341341681404e+01
3.296494931334377299e+01
3.269091919909520527e+01
3.283744952447281662e+01
3.279098216688439749e+01
3.284652092424268943e+01
3.271731946400106494e+01
3.255871050756347529e+01
3.288485814926625750e+01
3.276883162920000814e+01
3.305666541637648947e+01
3.273319334509164236e+01
3.299908063716405593e+01
3.275646690001822492e+01
3.280849221081152933e+01
3.270685770682216997e+01
3.304252110734794456e+01
3.276757108359056048e+01
3.261606190034422781e+01
3.267501724163665955e+01
3.271872979699969619e+01
3.279367457339767356e+01
3.270616052607661572e+01
3.283818843583861025e+01
3.279390686734334537e+01
3.266672340675008002e+01
3.278195791742722776e+01
3.321979101883966479e+01
3.273135061306765436e+01
3.259283939693124665e+01
3.318048265806690011e+01
3.269993033761461021e+01
3.265716136516963530e+01
3.259924066557380229e+01
3.269994047218312971e+01
3.275985543509904119e+01
3.272942386673363302e+01
3.294170115761867379e+01
3.286283918108896529e+01
3.265624832721409376e+01
3.267638138015774274e+01
3.275065172689351556e+01
3.269887705294157598e+01
3.265362291632933278e+01
3.261303276041658705e+01
3.311897734748897193e+01
3.282245938071523739e+01
3.266733858039289373e+01
3.293487176812395489e+01
3.285272607295992486e+01
3.289348109379110241e+01
3.281968097445933097e+01
3.300253350331242785e+01
3.271134877290180043e+01
3.281552708691310727e+01
3.271394238040046787e+01
3.262567224664063303e+01
3.294446573358149521e+01
3.271288168827254594e+01
3.308969575678206354e+01
3.260041110319572510e+01
3.272717315189563436e+01
3.270650513410136995e+01
3.259982559097226584e+01
3.297763588509915422e+01
3.271088285285528485e+01
3.277787530560633655e+01
3.271360722637660245e+01
3.281260785187852491e+01
3.256326051058656645e+01
3.279018458721866836e+01
3.278714781610424467e+01
3.281479598511386087e+01
3.270532316539249962e+01
3.271763629577304044e+01
3.269698710445860002e+01
3.285892230331287323e+01
3.273712279479538978e+01
3.283644762260946237e+01
3.274405104455377824e+01
3.283212370369071920e+01
3.282561814429891456e+01
3.269899834182936615e+01
3.261583749472065108e+01
3.294419208160796586e+01
3.286453816446103815e+01
3.285902371869317307e+01
3.276343917967290054e+01
3.273392464871211160e+01
3.267269790651919692e+01
3.265842727028252312e+01
3.270998797679062164e+01
3.258677375204709392e+01
3.296044187018595295e+01
3.271779703307501563e+01
3.278960960624542054e+01
3.264831200582704440e+01
3.281706891735609588e+01
3.270740729624396437e+01
3.256189564559167593e+01
3.265823511636443754e+01
3.261409818764985857e+01
3.294827575814026233e+01
3.265704473176729294e+01
3.285731613061873446e+01
3.257094402997609706e+01
3.293756100979899060e+01
3.324169283543056963e+01
3.294552288854085020e+01
3.268459675107163065e+01
3.257418599227674605e+01
3.279247453229754683e+01
3.313384363861128179e+01
3.273577287096281907e+01
3.287218242576419414e+01
3.304864439278267696e+01
3.270526256726630265e+01
3.271329297467512021e+01
3.295646543444794929e+01
3.317972459315265610e+01
3.299046037717977953e+01
3.314831215823094368e+01
3.267372232080202110e+01
3.260529622352581214e+01
3.349941566810769444e+01
3.324466280558259257e+01
3.271347993943504662e+01
3.255834894035042737e+01
3.277796936347048273e+01
3.307681052149476386e+01
3.298541593493175128e+01
3.286094709349696785e+01
3.257486865227270556e+01
3.251004934372562616e+01
3.260084003696469068e+01
3.302712057386759881e+01
3.281792566167758451e+01
3.306904672022726999e+01
3.282229219448883839e+01
3.326137756622217267e+01
3.278091083101732295e+01
3.274359144781682573e+01
3.271831877430200564e+01
3.259198700549990235e+01
3.273518250745487990e+01
3.287909564223350856e+01
3.281829445190496131e+01
3.284149926481813964e+01
3.269222495538599560e+01
3.320926403397691473e+01
3.268750517464655303e+01
3.300020935790623611e+01
3.283615091424960752e+01
3.271925323201298141e+01
3.294782238022835230e+01
3.293147439029674928e+01
3.263769650939116218e+01
3.266947129877892309e+01
3.264370016921452589e+01
3.258625715561854719e+01
3.297025566907591809e+01
3.275062214576843189e+01
3.290182833176942978e+01
3.263024821037350165e+01
3.281578388558830284e+01
3.279535962693916673e+01
3.263426813133532534e+01
3.254305053793146385e+01
3.318791026583905079e+01
3.271699663497755495e+01
3.274359897207082071e+01
3.279209830429189054e+01
3.308356010444737905e+01
3.286071795822270758e+01
3.279859284583413626e+01
3.272221792248768679e+01
3.277006407470543081e+01
3.301747123830973862e+01
3.276733666598405392e+01
3.264755138440518323e+01
3.279585438777763073e+01
3.288051243721508143e+01
3.277672005804376454e+01
3.283872198670924547e+01
3.287087814097643701e+01
3.259476262368335853e+01
3.273264690668005983e+01
3.314801805258233713e+01
3.271277616220977080e+01
3.267757617778642043e+01
3.272405578498397460e+01
3.269291619251682590e+01
3.296605518926048717e+01
3.285490143497639082e+01
3.287683856994851084e+01
3.287026757389416076e+01
3.265544183050090510e+01
3.270941129166887151e+01
3.277994489769393027e+01
3.273994643294341955e+01
3.276860518215249130e+01
3.260930305726974865e+01
3.268865466754913740e+01
3.267251990100614734e+01
3.270897483459193467e+01
3.281418280879312732e+01
3.281436578124714032e+01
3.283179042146425530e+01
3.288704354202054247e+01
3.295538682133739883e+01
3.317968067149801215e+01
3.274584691027481398e+01
3.281552090328555948e+01
3.285449983193178980e+01
3.281120755788609245e+01
3.276795145776728191e+01
3.272029933450784966e+01
3.264416704732725094e+01
3.276530598141868467e+01
3.286268049961970661e+01
3.276999615193071236e+01
3.298312934096601623e+01
3.305285041493102938e+01
3.269302837647750692e+01
3.287761228437414474e+01
3.281133072338699463e+01
3.277152202146841375e+01
3.269703254009089477e+01
3.269627782296645790e+01
3.296621715786147178e+01
3.284205717920926304e+01
3.265934030940684352e+01
3.296844861547308625e+01
3.297012535684009293e+01
3.296604094659063833e+01
3.285063636875765525e+01
3.270271081604406049e+01
3.268792564672632039e+01
3.288378814432692110e+01
3.265253238607321862e+01
3.274373634286657619e+01
3.277788526034826333e+01
3.316589758083483730e+01
3.291653088848911324e+01
3.284890042610399519e+01
3.374068253088880454e+01
3.361664717976628225e+01
3.288741213851668022e+01
3.292467676085055928e+01
3.272512160341278076e+01
3.349598675479201404e+01
3.312331426963653058e+01
3.393049563094644583e+01
3.279020500772335112e+01
3.289950648245867626e+01
3.291552435278433819e+01
3.274404898990606227e+01
3.269700217291497779e+01
3.281549291702173576e+01
3.386327888826111376e+01
3.357862705688197735e+01
3.473185404298205015e+01
3.375874076651660260e+01
3.516611159397109532e+01
3.300946772048290967e+01
3.357567359966194687e+01
3.293780040502644368e+01
3.275238859743956965e+01
3.364731810797211864e+01
3.325553539025691663e+01
3.467336057755048984e+01
3.291128176129926430e+01
3.379171136285967236e+01
3.371034894991475994e+01
3.321550163569800418e+01
3.361110359951056381e+01
3.306759469891614600e+01
3.394330852660137054e+01
3.434881753371503521e+01
3.319468988097604978e+01
3.345364946553378616e+01
3.456552972758537834e+01
3.302360956113508195e+01
3.388395055127312361e+01
3.307304654756993756e+01
3.660337523462777654e+01
3.299372663898287783e+01
3.372356476817969195e+01
3.365747263612229290e+01
3.338083952878758254e+01
3.319253450657839011e+01
3.303636886144835927e+01
3.380811789597706962e+01
3.283488732481660577e+01
3.589273925625707307e+01
3.299729430288726206e+01
3.429366487739189751e+01
3.459418105599420556e+01
3.314739602621561687e+01
3.279728705835621128e+01
3.282972592995103867e+01
3.453935489244825163e+01
3.513584384321919174e+01
3.452936807413790632e+01
3.295860831002613622e+01
3.285408251300811600e+01
3.699966376613836161e+01
3.627210484785406663e+01
3.495682015885959260e+01
3.655927069523924189e+01
3.951492056129454511e+01
3.589143425776250496e+01
3.331916441786379579e+01
3.358513166969851937e+01
3.704837349068586150e+01
3.603276945716108770e+01
3.633619196066725721e+01
3.773268836934774839e+01
3.546112360218177173e+01
3.778455207390809534e+01
3.549975111205210254e+01
3.930094668681509518e+01
3.466733514318445941e+01
3.662366803936152593e+01
3.583980011680396416e+01
4.014829886876049869e+01
3.566918587477192659e+01
3.717815864521895008e+01
3.551765345234393578e+01
3.808015608434953236e+01
3.592654085087252724e+01
3.437384715764964938e+01
3.615131286031309799e+01
3.625597903595367200e+01
3.564705636335989425e+01
3.639818871730198424e+01
3.624071397998906008e+01
3.625184015678698302e+01
3.711637108492206494e+01
3.728011766714963926e+01
3.592864765858349330e+01
3.624278984548987381e+01
3.645824024732790036e+01
3.707237601449601527e+01
3.627267201803481811e+01
3.644836876660816927e+01
3.922772786592280880e+01
4.015624352071093739e+01
4.023731350291096476e+01
4.032377985320621860e+01
3.629244842825104911e+01
4.073748683211189103e+01
3.751157746310556007e+01
3.725004201232807333e+01
3.769394118270398053e+01
3.662666122321255813e+01
3.668934493668779595e+01
3.658323426505771181e+01
3.688501106235226956e+01
4.039960074523902023e+01
3.623517648522577872e+01
3.696190083004395177e+01
3.607413011771661360e+01
4.046055476634860781e+01
3.668888808859321671e+01
3.673912311713139900e+01
3.673543160021463194e+01
3.674641260051507885e+01
3.705926755375681125e+01
4.087744787555622850e+01
3.669368091448793479e+01
3.665114059871964258e+01
3.806196646404522710e+01
3.724252073112386796e+01
3.662174336317926304e+01
4.132487027277515068e+01
3.685903513497173378e+01
3.717022473397852167e+01
4.201573124733437226e+01
3.714664158469609845e+01
3.719966374756867822e+01
3.712937600377993164e+01
3.698644029341333095e+01
3.711798083195620990e+01
3.729930721891427226e+01
3.763337648389628498e+01
3.731993038291493292e+01
3.675253764014477298e+01
3.742329674657363370e+01
3.735760854029646083e+01
4.249813487429542391e+01
4.279729423392057441e+01
3.730048992406123887e+01
4.351644292072909792e+01
3.754124729300570351e+01
3.766042838205550680e+01
3.835286260115512391e+01
4.400043812353668926e+01
3.776763950588818375e+01
3.767639465607005178e+01
4.256501784705698554e+01
4.448663943339050064e+01
3.760721330369786131e+01
4.418521275810997651e+01
3.783494386028790757e+01
3.791584233280404703e+01
3.838476648435371885e+01
4.350432365086842168e+01
3.801606862629607519e+01
3.784561795085696190e+01
3.745279392345813108e+01
3.693656260747499687e+01
3.839180742571510763e+01
3.852083190352248465e+01
4.337216566606294776e+01
3.816238206996052895e+01
3.840207226853868150e+01
3.923830187600331243e+01
3.864772304228321786e+01
3.892963239231762174e+01
3.951674517762850058e+01
4.422800435644045791e+01
4.678836770171027126e+01
3.845698448978271955e+01
3.823369716926432460e+01
4.499757896318558892e+01
3.879819602502857379e+01
3.969065716384869091e+01
3.957110251114382748e+01
4.171964532081911159e+01
3.939803999735178763e+01
4.484133117504748611e+01
3.885422174813555074e+01
4.468290696157919228e+01
4.590383005770483749e+01
3.944782411409906331e+01
4.229603294660772406e+01
4.537248736562665385e+01
3.891134573723694956e+01
3.963366743752256127e+01
4.684466057903693326e+01
3.898331253698405163e+01
3.970866576919791413e+01
3.884484140763548510e+01
3.963598804812981768e+01
4.612965902808947050e+01
3.934397550308761993e+01
3.961641025126836979e+01
3.955180272102729333e+01
3.961110905195209142e+01
3.973297604266542038e+01
3.993220823405971487e+01
4.739913633602734677e+01
4.030769015797189780e+01
4.874164930418111652e+01
4.751994130437541486e+01
4.661527355059192956e+01
3.915938510986323706e+01
3.901589124032197731e+01
4.141931085365923337e+01
3.915370026821712912e+01
3.933705322378956026e+01
4.671471136325744311e+01
4.700290342343804895e+01
3.995502656808743325e+01
4.735765508130227630e+01
4.079889936118956939e+01
4.028670095375187543e+01
4.690008538448443431e+01
3.961251801739091860e+01
4.121165268456221042e+01
4.099735797190293596e+01
3.994060919201114501e+01
4.112254578438705011e+01
4.103351605563277360e+01
4.808041192105485351e+01
4.828714902338611381e+01
4.054863868012886030e+01
4.000267678071058697e+01
3.949757407349237326e+01
4.766487750221349984e+01
4.072282802167757865e+01
4.091382484608495673e+01
4.030045763964269412e+01
4.047964722774508317e+01
3.984015082893274950e+01
4.194243445547722615e+01
4.930547514973305567e+01
4.098915316394266739e+01
4.049174982289708424e+01
4.037255325304708009e+01
4.852910440713108642e+01
4.959230808193625251e+01
4.095086495108338909e+01
4.865141280426654902e+01
4.061979283022044029e+01
4.154731276327697032e+01
4.107261758055255285e+01
4.038045215369896823e+01
4.936900184493815402e+01
4.092238945447516585e+01
4.906196827419285711e+01
4.189035818176149206e+01
4.068199586891571329e+01
4.903613925003767093e+01
4.288260995927038977e+01
4.972960496235543815e+01
3.991293806147051981e+01
5.052096751709957090e+01
5.015700451718821284e+01
4.235935771196418642e+01
4.210158392941832517e+01
5.095706952996370376e+01
5.048912811203680917e+01
4.043373953499641971e+01
3.992687771824844845e+01
5.074717967449889500e+01
4.147328871823483354e+01
4.094676403538531417e+01
4.993008535766760048e+01
4.185675121240446828e+01
4.277740680086384373e+01
4.968238653725045850e+01
5.111229381539371985e+01
4.287932527137946437e+01
4.264664714504800003e+01
4.354193499580006943e+01
4.080273217488594639e+01
4.404178594452743312e+01
4.274681580245378854e+01
4.264693797733596625e+01
4.327379604899775245e+01
4.188097028055894100e+01
4.171602109466443409e+01
4.300836212041380691e+01
5.151404471927472883e+01
5.096404237419628203e+01
4.277672844581881151e+01
5.090514970896590796e+01
4.294004748761852142e+01
4.202574952585694490e+01
4.393746897572729182e+01
5.205371183622504816e+01
5.213339827706958118e+01
4.097461605505422000e+01
4.399842650305961200e+01
5.116929193445591295e+01
4.158614692418391456e+01
5.288160020712683718e+01
4.298339281938180534e+01
4.138486206565596603e+01
4.320265012606802912e+01
4.355673522324143931e+01
4.252806605665666950e+01
5.142028619799056344e+01
5.117193928923314417e+01
4.423742349028881904e+01
4.425076476407922854e+01
4.227121011816262097e+01
4.132168406698099261e+01
4.258374797719089599e+01
5.307814901937740615e+01
5.159948287749641338e+01
5.239395876675701658e+01
4.222491145394945988e+01
5.275172192695038120e+01
4.218052463256012174e+01
5.368851070020789962e+01
4.335043400862899432e+01
5.265447185355027671e+01
5.363499605502779133e+01
4.476056283381694811e+01
5.139455767993926827e+01
4.373874310150848288e+01
5.238621562999394854e+01
4.316024440479294100e+01
4.351131348426826406e+01
4.270148219452119065e+01
4.184649285465798130e+01
4.227719554413884850e+01
4.416879062292788660e+01
5.384532629355931732e+01
4.286676468839345944e+01
4.270586545370403542e+01
4.331198154261768707e+01
5.474538782394370173e+01
5.339495393435231563e+01
5.445287439376040339e+01
4.466009190410736096e+01
5.419092460463348004e+01
4.177736050126829781e+01
5.369806542209207123e+01
4.503932025699681674e+01
5.517786465469015411e+01
5.337425162177270010e+01
4.352160883995232155e+01
5.448657384800284831e+01
4.474077598046067550e+01
4.411279776758033933e+01
4.374221066181252837e+01
5.319971579453622468e+01
4.493987661966277614e+01
5.298141667260377830e+01
5.477219564528441964e+01
4.593952639176279718e+01
4.464829595454060041e+01
5.415772135378878716e+01
5.480032476435486899e+01
4.350008454362887278e+01
4.539643199995040845e+01
5.421269622853996140e+01
4.435000535242269848e+01
4.366327576750099126e+01
4.475452874834209638e+01
5.449555436200109426e+01
4.648300237950471114e+01
5.455521242656442382e+01
4.511815472171897312e+01
4.546322082572557122e+01
4.412944379505999137e+01
4.563367891232525153e+01
4.233287423946207184e+01
4.532843153979035122e+01
5.492133268836793292e+01
4.462492101053020122e+01
5.467417672115242055e+01
4.322954837179122478e+01
5.484975493917154665e+01
5.446390363140207569e+01
5.419662914906321305e+01
4.498891441297387672e+01
4.645798354153856025e+01
4.612756609420828369e+01
4.617662820874235763e+01
4.536773972759343110e+01
5.507570709671302467e+01
4.315880420455799538e+01
4.604939369535252069e+01
5.433845556756723738e+01
4.446834196703267850e+01
5.523057373939279557e+01
4.398700729337392090e+01
5.488358921145427161e+01
5.457347037871826956e+01
4.368397534141831784e+01
4.289561921275495138e+01
5.537210366441964027e+01
4.480439589311119875e+01
4.343310650515326898e+01
4.443797720227114212e+01
4.357711105868500567e+01
4.539205459806149179e+01
4.474363118450622068e+01
4.465637736379316891e+01
4.536163773296563306e+01
4.457055675562243380e+01
5.439491593313917406e+01
4.482391600057201941e+01
4.509313179145442518e+01
5.579879374057842512e+01
5.477947971673591354e+01
5.501518752509043964e+01
5.546989393506804333e+01
4.436329203995926207e+01
4.663613644418175852e+01
4.683097878847817697e+01
4.628741744866613317e+01
5.544214135468321558e+01
4.764235475499350514e+01
4.622314454474342682e+01
4.547616967471935823e+01
5.519817676099952308e+01
4.687203548954234833e+01
5.554865691087509560e+01
5.549655375731561691e+01
4.507467532048442393e+01
4.652135632043410141e+01
5.466370382877177292e+01
4.598077073119759461e+01
4.556568554644150026e+01
5.604909232730012292e+01
5.517328741514122470e+01
5.508077158309891530e+01
4.689635285423144495e+01
4.454797245728826027e+01
4.289448674624829749e+01
4.350653087455442147e+01
4.355070232233887140e+01
4.303170917138674412e+01
4.540077896753634690e+01
5.550635208043600954e+01
4.708726606672055226e+01
4.630445733862315905e+01
4.389456769472154463e+01
4.651122530330567884e+01
4.561554802756543836e+01
4.588783051870274221e+01
4.496503231378952137e+01
4.598826350584018030e+01
5.639844150274308987e+01
4.560891589471370366e+01
4.334455377290931466e+01
4.488418870657913118e+01
5.525966609809697871e+01
5.484075256126510567e+01
4.395441110443690036e+01
5.586102099908501373e+01
5.540368924453689914e+01
5.584282526939158942e+01
4.442048050969179229e+01
5.576014699873100966e+01
5.533697528987797654e+01
5.528333010888989207e+01
5.535826078914935522e+01
4.663171389125600541e+01
4.453029807648144356e+01
5.569870195095847265e+01
4.723994989491394136e+01
4.572884427549477238e+01
5.516365075647082961e+01
4.588412275796949302e+01
5.534551634114965424e+01
5.513105291874146729e+01
4.862113831629321936e+01
4.548643906850569607e+01
5.610567488982767514e+01
4.510860791421616511e+01
4.574554497013278365e+01
4.702087845673936073e+01
4.419131422435809498e+01
4.702125472579613330e+01
4.562037639406273115e+01
5.552609471530656293e+01
5.537986416265015777e+01
4.578882745508030894e+01
4.723009194433021918e+01
5.507017431548337072e+01
5.511602900811232075e+01
4.657480482170882397e+01
5.508224611113471525e+01
5.563320957132331301e+01
5.582746483093055190e+01
4.796932796654262177e+01
4.334398433718905608e+01
5.549618464342855617e+01
5.527903362941498955e+01
4.731072683014578217e+01
5.503835535730073758e+01
5.577394433355126324e+01
5.578747860297280425e+01
4.597894446806007096e+01
5.555236965378467318e+01
4.751965081264680180e+01
4.660386823070289353e+01
4.538094535062825940e+01
5.499249196085759905e+01
4.522653305766514364e+01
4.647925893514881324e+01
4.344094315752511193e+01
5.514218624751303111e+01
4.536042595401548283e+01
5.542488529177742862e+01
4.610519586225826316e+01
4.633325519771735657e+01
5.502075203596100295e+01
5.547562022687959171e+01
4.682904603109911790e+01
5.510327969090864997e+01
5.476393174407279929e+01
4.631287304679209882e+01
4.561625892078406252e+01
4.644276335350053131e+01
5.444798920759374283e+01
5.479494386762410585e+01
4.898068169575140018e+01
5.484088327191047085e+01
5.507332186034264510e+01
5.483889407837602192e+01
5.470245911675650774e+01
5.453391607371765559e+01
4.538982833370798886e+01
5.472878724402428929e+01
5.460429555328433082e+01
5.419191695974911482e+01
4.617378095073122779e+01
4.672793486343849167e+01
4.828376911357986501e+01
5.415447421805353656e+01
4.702342453277947243e+01
4.601744402255633304e+01
4.612207003313153564e+01
4.525435062730115021e+01
5.483039727561186538e+01
4.497703322918160040e+01
4.569238963698092704e+01
4.597411003278089225e+01
5.442838208302418934e+01
5.465719306485934936e+01
4.396508752212411508e+01
5.391822532637670662e+01
5.499372037055307771e+01
4.552001390884575471e+01
4.803166886832479321e+01
4.528964360485841922e+01
5.463232952043515667e+01
5.436717774386692525e+01
5.376493030469600853e+01
5.459239530047658917e+01
4.534678746397268867e+01
4.496469189837404201e+01
5.394522181712523690e+01
4.726395405014289963e+01
5.403924077862482278e+01
5.397217682696606289e+01
4.863826900033604517e+01
5.438974833369622530e+01
4.439003766923649152e+01
5.426994055293664587e+01
4.707450571366540260e+01
4.757293938553084445e+01
5.434919191183298892e+01
4.561095202896820666e+01
5.375815674860988480e+01
4.714527338300484871e+01
5.417472222298864182e+01
4.595274294902014844e+01
4.540156279038594533e+01
4.716189143857911859e+01
4.678316796029532298e+01
4.569398699735999969e+01
5.318556900651365993e+01
4.593244727493565449e+01
5.428098154752898807e+01
4.717776510218002528e+01
4.585438080990982002e+01
4.511164312441789548e+01
5.361126241455577457e+01
5.345875454418732886e+01
5.351310608193446683e+01
4.566001526959475854e+01
4.581382845402131210e+01
5.348035556147572578e+01
4.709119655812316552e+01
4.546081356494800474e+01
4.540692121858753438e+01
5.270677692612007803e+01
5.327706093761683093e+01
5.394730637375207039e+01
4.330530869663837734e+01
4.386592208082370803e+01
5.321937102469609471e+01
4.486831937540488724e+01
5.394029168646844852e+01
4.677593554390194441e+01
4.595449154563280558e+01
5.413230673086503941e+01
5.297857156738523798e+01
5.340267846149773590e+01
4.585946662802009399e+01
4.516254548953099857e+01
5.274245111975701406e+01
5.352871651298046629e+01
5.317075060728571145e+01
5.322984782900329037e+01
4.548022819647613346e+01
4.664870328994303605e+01
5.332723930720948147e+01
4.720321645847937475e+01
4.735847268939750165e+01
4.664058571129061903e+01
5.303877097268334495e+01
5.275952276033490307e+01
4.665363569149437950e+01
4.662690437995429704e+01
4.594038445063549858e+01
5.298590521489452243e+01
4.549781623846698153e+01
5.313310812902265212e+01
4.474488884245178610e+01
5.291955701514095978e+01
4.441355630665725585e+01
5.261369603427217356e+01
5.310739273923054782e+01
5.327184571871165275e+01
4.749159458116803734e+01
5.218525822183202934e+01
4.622981251309953166e+01
5.295317793364729653e+01
4.657347828095929998e+01
4.514153154953115177e+01
4.477403880629455557e+01
5.265978465825249799e+01
5.264607104394868742e+01
4.578725447665887316e+01
4.694312133847289203e+01
4.746741275475713451e+01
4.577900116228806127e+01
4.556180848859278143e+01
5.257256555333901815e+01
5.213261517040431414e+01
5.288256910374226294e+01
5.297188404992797928e+01
4.788465322655321899e+01
4.626179462119024777e+01
5.194872406528200059e+01
4.700302042445073880e+01
5.251911026697493412e+01
5.315997794173943447e+01
5.250236530005042113e+01
5.328893523717183456e+01
5.258948591383705917e+01
4.641981562945333906e+01
5.291352449470620201e+01
5.282326811663003951e+01
4.429893487625738402e+01
4.539473044483384712e+01
5.250140303417973797e+01
5.239120662495133729e+01
5.233718235755808479e+01
5.272787716931883750e+01
4.537092262140090071e+01
5.136669898906768594e+01
4.631849595771588923e+01
4.585619667723664605e+01
4.681287135598585536e+01
4.453832772526817507e+01
5.230138102166179692e+01
5.148981445137324897e+01
4.323564432754670861e+01
4.692586300190359339e+01
4.637727499802455355e+01
5.206994112436959909e+01
5.235351008940080675e+01
4.538596444898954729e+01
4.499453438480998102e+01
5.161910085829952521e+01
5.194537210417935569e+01
5.231067610676714708e+01
4.564392409710719534e+01
5.181077681665537682e+01
4.713876327607050598e+01
4.430467042500688279e+01
5.169252633978664591e+01
4.575627508196166104e+01
4.681023103867232749e+01
5.188277659294158894e+01
4.574178616613980353e+01
5.154217703872838285e+01
5.086061598742536205e+01
4.655145846605678628e+01
4.503234628724768385e+01
5.103366445832438814e+01
5.200635262720022922e+01
4.375848817850231143e+01
4.468184605394758790e+01
4.369081143544939039e+01
5.174053517283800829e+01
5.167044194478067709e+01
4.509368386172636178e+01
5.164673286528512364e+01
4.699066682977642273e+01
4.529700390884212879e+01
4.574023529717553771e+01
5.097967044527485569e+01
4.457352344342719874e+01
5.152349564769924228e+01
4.691239099488188913e+01
5.077623356744771854e+01
4.716485169532325727e+01
4.392704667991217349e+01
5.068322855881888955e+01
4.560327231655210767e+01
5.145237950757901046e+01
5.210609764038787972e+01
5.173308176687057625e+01
4.526220806553382658e+01
4.554517660438492044e+01
4.704702802360009883e+01
5.129318575993031004e+01
5.206675072074009591e+01
4.451383332485575295e+01
5.046118569934222364e+01
4.386822440055365036e+01
4.409177580984557920e+01
4.666013260030294418e+01
4.578550436705157267e+01
4.476363034335638247e+01
5.047995963115807427e+01
5.217709324846525476e+01
4.289779408208938349e+01
5.133218748022319744e+01
5.168600690462803016e+01
4.642272032392831704e+01
4.477143696445169496e+01
5.164672552592302424e+01
5.141767891629906728e+01
5.127514032865914828e+01
4.417778947539829915e+01
4.567696601087107666e+01
5.098977157490529777e+01
4.501252566648668108e+01
4.468775642024857575e+01
5.041167676429550681e+01
4.590499484951178744e+01
4.464139864911013689e+01
5.028960599838143963e+01
4.596558413360453699e+01
5.131397319266449841e+01
5.094616121553961818e+01
4.490144185823346845e+01
5.026770071895657566e+01
5.158653841141811114e+01
5.080620002640942090e+01
4.292255535179877057e+01
4.947578109822812564e+01
4.483087816439456930e+01
4.647441830648584471e+01
4.568699037169829325e+01
4.296246540094238497e+01
5.088820159122914788e+01
4.454511666588065566e+01
4.524268711143493960e+01
5.094637339506415685e+01
4.661609683674498683e+01
5.127239555455750519e+01
4.319768104095881256e+01
4.696615340885175982e+01
4.623746706455732891e+01
5.050064380536793607e+01
5.072915393122073624e+01
4.210052693344896113e+01
5.023823370413635558e+01
4.368269268493170188e+01
4.544570594564741128e+01
4.353195380020503791e+01
4.113100805256094361e+01
4.966125580369323700e+01
5.135396587846148009e+01
4.347288058565711566e+01
4.588913114813613703e+01
5.073467586247091532e+01
5.059407100680428471e+01
4.375778317905447068e+01
4.356806332886738176e+01
4.983254545641307232e+01
5.000269934435223718e+01
5.090019772614500937e+01
4.358448464845557879e+01
5.032030696325852404e+01
5.142586311311652025e+01
5.035483580073161392e+01
5.110977309447481787e+01
3.980146352023279377e+01
5.028004147929019041e+01
4.102232394259607418e+01
4.406318487301448528e+01
4.388591791475923287e+01
4.247620941082653445e+01
4.402112141053603267e+01
4.631203021972055467e+01
4.009033932016972557e+01
4.449778477109391162e+01
4.316028842787384434e+01
4.577971505224800808e+01
5.089639599844507245e+01
5.102178040489609145e+01
4.245057022206523811e+01
4.491865409231771622e+01
4.991792893815788545e+01
5.025194693349115482e+01
5.007343233648713010e+01
4.964084822384789675e+01
4.262533500312527934e+01
4.941212845465934578e+01
3.896108005428014565e+01
4.916446841292731307e+01
4.389991990878610295e+01
4.416671742593117500e+01
4.601354915909504228e+01
4.212114001516948747e+01
5.005243371106236339e+01
3.932345452132921793e+01
5.030709518233737754e+01
5.057001623756758590e+01
4.518049605256653223e+01
5.040529846482155563e+01
3.877113032192129083e+01
4.955873840807592501e+01
4.063629551535213835e+01
4.924008618481502708e+01
4.412717275071333489e+01
5.028479323790634226e+01
4.983144981644578309e+01
4.926431117781257996e+01
4.915313066283775356e+01
5.044630913131935301e+01
3.800968647252873467e+01
4.442080462626937987e+01
4.387718622906221810e+01
4.996441742065753999e+01
5.025908080665147537e+01
4.312819435467011431e+01
4.952824681880218094e+01
4.016056352383332495e+01
4.214246103168474633e+01
4.491589170840764922e+01
4.391115588722545482e+01
4.525249989055928523e+01
4.953242510683924138e+01
5.010776438440339575e+01
4.348883778751682172e+01
4.862598977719718363e+01
5.021161955649633768e+01
4.976433348557809211e+01
3.937545577077519710e+01
4.931519542238824272e+01
3.907564242685255351e+01
4.883776190614237578e+01
4.342313101731259195e+01
4.406474384738908157e+01
4.383536820999388794e+01
4.948301792347488259e+01
3.937081360113497652e+01
4.328854415848591941e+01
4.968592248939389577e+01
5.013335297357313891e+01
4.329915141692862335e+01
4.276514031351156575e+01
4.205824782439758280e+01
4.436482889389478146e+01
4.935538963630208542e+01
4.404225790738343704e+01
4.899504346822006795e+01
4.183540352750474511e+01
4.510065993820839481e+01
4.921579643087738276e+01
4.369594087456873410e+01
4.445645713378687702e+01
4.860765448029966507e+01
3.839947639720821115e+01
4.523711139414649551e+01
4.862969179650620077e+01
4.999686745947019517e+01
4.985555907618736882e+01
5.006429578549565207e+01
3.819515270012213648e+01
4.827800363235178338e+01
4.379323017667054785e+01
4.915510848861231352e+01
5.058378702611490496e+01
4.960778801836001151e+01
4.901511317260068523e+01
3.894078546655880047e+01
4.930800350074750327e+01
4.901022428896639838e+01
3.889401361201383622e+01
4.239572370190047224e+01
4.485647178690057757e+01
3.791106127072389143e+01
4.307728515519181656e+01
4.886940996299164652e+01
4.921476315937601242e+01
4.938357758283111565e+01
4.375026753323882645e+01
4.904533352436028792e+01
4.944701383157480024e+01
4.221179625949476844e+01
4.974870546348662970e+01
3.735906585808736935e+01
4.823927421926112658e+01
4.310786937801159269e+01
4.483554340644222691e+01
4.872164949906605358e+01
4.312500235606204768e+01
4.460448417003030386e+01
4.955493827264751872e+01
4.317285117428209418e+01
4.957183299003983024e+01
4.939346167927680398e+01
4.011492198939775022e+01
4.807782496759649149e+01
4.909351519012962939e+01
4.992228727085964834e+01
4.845800453076572012e+01
4.907040739892051562e+01
4.924933406636713329e+01
4.875318172077006551e+01
4.823658060999930086e+01
3.876051120390380333e+01
4.536297595300902685e+01
4.900575716683725602e+01
4.953190829381688332e+01
3.933208477580490836e+01
4.827125478415490534e+01
4.897445636661961288e+01
4.929423342794496676e+01
4.197209437485221883e+01
4.442495022390839665e+01
4.822952862685396269e+01
3.781992118667685077e+01
4.526094201391372707e+01
4.866735327840687830e+01
4.906544254579085873e+01
4.054396359570555575e+01
4.754119294698553944e+01
4.848120655009483926e+01
4.945853143462850454e+01
4.860455231975088708e+01
4.309435029809931450e+01
4.806634521538682492e+01
3.976564094997479515e+01
4.601431855119346181e+01
4.040085494326444859e+01
4.834062534634686159e+01
3.728200870161566627e+01
4.775995214670201250e+01
4.826939040469974884e+01
4.233838585239605834e+01
4.677934824602971986e+01
4.949661295801435301e+01
4.876781725945330948e+01
4.167603096893651582e+01
4.323713801390090339e+01
4.664284447607285244e+01
3.767717599419903962e+01
4.368876694587046927e+01
4.584458272666844181e+01
4.728067064065212577e+01
4.446433789870452102e+01
4.676742378891992757e+01
4.835728625719526974e+01
4.879193252186323804e+01
4.954691937783420030e+01
3.704031490531877324e+01
4.621012042708267842e+01
4.967946075971108399e+01
3.781136713486007039e+01
4.753653794021183643e+01
3.844292355734886257e+01
4.638045378930270601e+01
3.732622037827108130e+01
4.491568011145928097e+01
4.914535369077734828e+01
3.728892371523126315e+01
4.690409729227358326e+01
4.907649350845531444e+01
4.890825545344612379e+01
3.733557657719922673e+01
4.590153211545203504e+01
3.713580028755212226e+01
4.778884111957784597e+01
4.783701703113381853e+01
4.832255318550869561e+01
3.801634319793379291e+01
4.770439980583410033e+01
4.896103532243238021e+01
4.788814334672722595e+01
4.011264835841299714e+01
4.792049540769717453e+01
3.774347752646994536e+01
4.662178181015789846e+01
4.250398553360892606e+01
4.809248018726103879e+01
3.799836197486722966e+01
4.808299958693330467e+01
4.854422186269759010e+01
4.801335011849557333e+01
4.926565487349363792e+01
3.845328966383485181e+01
4.704940468764132078e+01
3.880578934325660612e+01
4.794159523407203949e+01
3.691096920141909976e+01
4.770268773606120760e+01
4.868755996403991304e+01
3.762355233670081844e+01
4.839854842630682441e+01
3.802357814418041215e+01
4.710551569383033410e+01
3.708884842811116300e+01
4.637955401829736246e+01
3.721185041370094382e+01
4.720497098149585469e+01
3.851994519431574560e+01
4.780937950267863812e+01
4.840484540081738629e+01
3.712469356647542185e+01
4.762226841487665041e+01
4.930056084086560730e+01
3.781854120437070321e+01
4.722353739149438923e+01
4.922824704614217239e+01
4.824439248651704304e+01
4.858559918878546569e+01
4.817847819401033860e+01
4.877123910711079446e+01
4.774694881959259618e+01
3.677059070859370138e+01
4.552340602997735886e+01
4.884543417702111867e+01
4.918135646283030837e+01
3.701772292089112426e+01
4.703061716389611036e+01
4.880157868007102451e+01
3.715964167004774055e+01
4.717962851100127608e+01
3.754865401770076261e+01
4.672381946322190061e+01
3.729079722103307404e+01
4.695087195196474283e+01
3.775873141500814256e+01
4.646525615632239692e+01
4.835243465927025852e+01
3.754434764423750437e+01
4.648046158652891791e+01
3.665395176940987199e+01
4.628069108154836186e+01
4.928765328039617799e+01
3.772163933633115107e+01
4.638489186681000120e+01
3.774876700730508361e+01
4.713179721704424452e+01
3.658494436795045601e+01
4.734524769198628746e+01
3.800059732033587068e+01
4.741981569790627304e+01
4.880594426385668072e+01
3.672342354553565258e+01
4.597633545206232242e+01
4.882292296272797216e+01
3.632915111245746687e+01
4.732890790989092267e+01
3.671592206720660556e+01
4.696267804976264415e+01
4.805088327305760032e+01
3.812563340682649482e+01
4.729778101060227158e+01
3.719776022958131279e+01
4.616798525703654121e+01
4.753884074711044150e+01
4.859029439713741283e+01
4.782834764045362874e+01
3.831532630423280494e+01
4.747289222590310231e+01
4.736449517424177458e+01
4.904194571643874667e+01
3.781779025203078959e+01
4.681036688240173760e+01
4.839570777802277490e+01
3.653210347455613061e+01
4.765696056127238478e+01
4.714606042000924191e+01
3.740276974061951165e+01
4.675087563450475159e+01
3.674573032539959172e+01
4.670850319234892112e+01
4.904403622486146475e+01
4.833252519846946171e+01
3.739258985501274424e+01
4.696677144686989891e+01
4.770824208629868224e+01
4.778916166374501273e+01
3.702204476004086331e+01
4.691687377769309109e+01
3.727183842878127251e+01
4.709483011532339702e+01
4.813065174680370006e+01
4.869243394900738053e+01
3.743093971629034655e+01
4.712469015458436417e+01
4.792694948130238686e+01
4.876491899994972812e+01
4.732674319265777996e+01
3.730715318315191098e+01
4.751804173611495941e+01
4.722478377940642957e+01
4.807936509480946086e+01
4.767543990474407423e+01
4.848432923473275480e+01
3.740585085381240305e+01
4.784982452866115921e+01
4.851752904502583874e+01
4.734507337379756819e+01
3.751546421462175118e+01
4.775230874298005546e+01
4.773135173303236201e+01
4.756293684445104475e+01
4.785649181114333572e+01
3.669205352479859528e+01
4.631664776708745990e+01
4.707796321579696297e+01
4.858839405854033799e+01
3.699642666201635421e+01
4.716215071626402278e+01
4.737259671531613492e+01
3.698918566249678008e+01
4.708032290143254528e+01
4.763937828931418750e+01
4.778945748205691757e+01
4.837363278400671618e+01
4.719924816400584433e+01
4.785558960632238268e+01
4.731033624966516982e+01
4.841285365322373480e+01
4.763641050547229128e+01
4.704035137737903938e+01
4.804146379572844694e+01
4.694612339669708945e+01
4.681631239981251724e+01
4.785805316076084637e+01
3.731826780801841181e+01
4.670561871942211241e+01
3.640618454633217738e+01
4.554256637611545955e+01
3.669652004948553525e+01
4.640794558152213511e+01
4.795891569310048652e+01
4.697601256779596213e+01
4.839363991909604579e+01
4.749839845020735396e+01
4.723851911264475234e+01
3.694357411366643618e+01
4.654036853036492971e+01
4.700977908132577454e+01
4.747389791966281081e+01
4.720243370758897328e+01
4.785318655619199291e+01
4.793896647758513296e+01
4.721146060991029714e+01
4.719787870694869980e+01
4.818846982941280288e+01
4.793151225294536744e+01
4.816341698727489273e+01
4.729357393283772382e+01
4.786782354637203696e+01
4.758262832212711402e+01
4.877048614517981662e+01
4.721453933385365076e+01
4.665327557403887937e+01
4.683132296797661098e+01
4.687952923854068388e+01
4.819642663823096740e+01
4.812148994736715935e+01
4.863656882998237307e+01
4.730207382914355208e+01
4.780051981140726269e+01
4.685805642154361550e+01
3.699051991385238125e+01
4.653819344649242851e+01
4.691068602880731220e+01
4.726593418405762037e+01
4.809526334674495018e+01
4.837962450087834299e+01
4.753584188021820722e+01
4.798482841556658940e+01
4.733331765182661854e+01
4.842311778324614835e+01
4.832446141513475624e+01
4.663471968031099379e+01
4.783534222818150283e+01
4.712778406538319587e+01
4.672403232300865028e+01
4.805519146520096996e+01
4.719406777613481552e+01
4.830888057234705002e+01
4.830811446245461127e+01
4.799034856694886031e+01
4.840129248340701196e+01
4.757618806906504716e+01
4.733530473033424357e+01
4.776217856123398775e+01
4.751894916526089219e+01
4.859454245474439205e+01
4.715565588000192321e+01
4.627938432890721288e+01
4.783760402374601028e+01
4.734151143199320444e+01
4.721593975369982843e+01
4.661396031536955320e+01
4.683885389723113235e+01
4.805697639425071088e+01
4.716355565330433564e+01
4.765768967787936816e+01
4.735691794906281160e+01
4.723997584280698447e+01
4.750670137085194256e+01
4.750209863629065410e+01
4.779542212535276491e+01
4.718898254215716292e+01
4.678597888763436430e+01
4.830780064848863731e+01
4.824951461485058957e+01
4.612782538462787585e+01
4.808074796368025972e+01
4.814403138432751916e+01
4.788159758311077496e+01
4.727047883795754757e+01
4.779611943629576842e+01
4.778303311305364076e+01
4.715772287699100218e+01
4.762458412847532685e+01
4.662032166705295566e+01
4.688351836475029444e+01
4.705576575199749101e+01
4.701682937220795111e+01
4.760941283918416644e+01
4.763247588656608400e+01
4.737902101775818409e+01
4.791962300508963324e+01
4.723783580811288374e+01
4.658292628102583421e+01
4.720522781498198128e+01
4.694941322288680396e+01
4.850113316355938053e+01
4.765312565166231451e+01
4.720822060271522957e+01
4.641874296455451088e+01
4.819596316895191990e+01
4.683188870684502803e+01
4.747733730524099371e+01
4.830986594931491140e+01
4.679820303924433489e+01
4.738040974902772717e+01
4.643448498354343457e+01
4.789703447973207062e+01
4.688471264558522478e+01
4.845682351949043465e+01
4.702782094322061113e+01
4.768343861976409670e+01
4.696706101338317296e+01
4.735914988931151015e+01
4.842925247614157769e+01
4.739719746894203922e+01
4.648216141454963690e+01
4.635159724527282066e+01
4.676442490112972905e+01
4.742796703188308527e+01
4.697586569754455610e+01
4.686229962582666531e+01
4.712049789421902091e+01
4.807186939084634503e+01
4.724705815199011028e+01
4.719445761131959216e+01
4.736352702923355906e+01
4.603471558763347105e+01
4.719603767703481623e+01
4.760871558403840709e+01
4.666126742467712774e+01
4.859663123849131239e+01
4.780364407850616004e+01
4.741542800172800298e+01
4.730385972043877274e+01
4.649563409445625695e+01
4.668610353664630708e+01
4.787007180124773953e+01
4.755331368912350598e+01
4.698918475314277288e+01
4.694338973610793175e+01
4.745617791678007080e+01
4.691498372902245251e+01
4.704774467726733178e+01
4.775515161983577883e+01
4.664738783329637073e+01
4.726486348238497470e+01
4.708692708463533450e+01
4.622846013492076622e+01
4.687431448076592488e+01
4.623759696367456229e+01
4.735868089070124398e+01
4.687767578378004174e+01
4.700319527817127607e+01
4.697333544781330517e+01
4.696670175647662404e+01
4.691630996787704788e+01
4.702677639251456299e+01
4.710822373669231666e+01
4.709048981494820652e+01
4.742720628008174799e+01
4.743601411841495974e+01
4.709454727585056588e+01
4.757825281381821725e+01
4.813731086608002130e+01
4.750902138759148841e+01
4.725977876066617966e+01
4.715526368112003297e+01
4.736264319127735689e+01
4.676350073164984877e+01
4.674266704788551863e+01
4.721366671073234045e+01
4.741836439695478589e+01
4.766638373327285194e+01
4.676159101704615040e+01
4.617004553234109210e+01
4.696250857679024193e+01
4.691666021658787145e+01
4.663107957055864716e+01
4.686457666265632582e+01
4.709366303557430200e+01
4.702315853713166405e+01
4.744117508523750359e+01
4.798816790477638961e+01
4.664988600990280787e+01
4.799311083294417557e+01
4.661662755696294624e+01
4.684755935023254381e+01
4.683319575811509594e+01
4.717805706753222950e+01
4.704400586401639117e+01
4.686185039118865348e+01
4.722452347318687060e+01
4.775860233949669009e+01
4.756702239782558195e+01
4.714003465501427570e+01
4.637404606988182820e+01
4.717886925054092728e+01
4.597155684134834530e+01
4.766785797435693439e+01
4.589543403779425290e+01
4.660687328448989319e+01
4.728794637406416967e+01
4.798119189920214467e+01
4.579759233022515019e+01
4.680770862790333098e+01
4.737802513601653942e+01
4.815665029151945475e+01
4.805718014266317084e+01
4.753389925091140356e+01
4.703823716592227555e+01
4.662764427426481717e+01
4.694185098854634219e+01
4.698019605208266114e+01
4.776637437424630406e+01
4.595580729683363330e+01
4.707878887474479512e+01
4.672343171771387205e+01
4.647328164644025605e+01
4.712467723692409294e+01
4.751275764842709748e+01
4.689653119421797811e+01
4.671792035739576221e+01
4.669638667837659796e+01
4.617145406199561108e+01
4.735997165238683948e+01
4.754784930613107719e+01
4.811105113074292916e+01
4.656982524232972054e+01
4.675127796197654817e+01
4.731081026846192827e+01
4.676146236853251281e+01
4.662144838839572003e+01
4.703748379687288406e+01
4.755781761437746979e+01
4.684594032859440915e+01
4.603529755305291360e+01
4.713623525392711855e+01
4.712009689301134330e+01
4.798347037221559219e+01
4.734065701379054047e+01
4.668088032301675128e+01
4.660598202205130036e+01
4.698988262337577027e+01
4.648799116292677525e+01
4.694128383126394510e+01
4.684387029525600354e+01
4.667098979481033894e+01
4.717977706089961032e+01
4.799905253037353958e+01
4.717436964726164916e+01
4.722012182458854568e+01
4.765656001811291986e+01
4.696702633159345197e+01
4.679055204855495731e+01
4.682689196420293598e+01
4.736514244541302077e+01
4.746243355970953104e+01
4.650977201460593591e+01
4.685253039362579841e+01
4.730315979270380211e+01
4.653980970084360536e+01
4.601091767897357698e+01
4.668438986502512478e+01
4.723859136058196384e+01
4.693288914615713736e+01
4.693858510002945650e+01
4.723756472627250247e+01
4.681151763068451288e+01
4.690195166511649205e+01
4.649801584051027703e+01
4.615873882064888534e+01
4.726821584076680693e+01
4.734473334874810746e+01
4.727803439650944028e+01
4.690885642253942223e+01
4.708948085353510038e+01
4.678189720688799724e+01
4.641935848385404739e+01
4.672190541973306921e+01
4.663591678557529008e+01
4.592686149310495125e+01
4.739234329503366894e+01
4.673061447195448892e+01
4.617473125994709449e+01
4.646458237835480531e+01
4.691836465037842885e+01
4.655914185024353458e+01
4.556119877722028377e+01
4.690366389659450874e+01
4.701937050290199949e+01
4.702102679637372518e+01
4.674367964758217653e+01
4.703001900576822436e+01
4.702180207330277284e+01
4.609970174990417746e+01
4.680602578317507323e+01
4.659014506177890524e+01
4.740299851233725548e+01
4.739432352145464478e+01
4.653050208168301793e+01
4.665610330685781548e+01
4.711669176267781722e+01
4.704794292106594611e+01
4.620420353246744583e+01
4.686477781201045190e+01
4.676965650340040526e+01
4.708251163793219973e+01
4.713009631946038525e+01
4.700118447060038562e+01
4.694164194578113580e+01
4.675926323285199970e+01
4.678210816895006019e+01
4.594744108178294795e+01
4.789504108066211785e+01
4.651306316685190723e+01
4.735966931143504866e+01
4.666973840806910090e+01
4.733847101549419989e+01
4.653821773886480173e+01
4.709126614320712889e+01
4.680639296904987390e+01
4.628587686904738518e+01
4.738465516312467685e+01
4.680097248810056243e+01
4.738813622101009315e+01
4.660614427200439991e+01
4.618186036884746670e+01
4.621489964337792600e+01
4.694313055295102544e+01
4.737510413515923346e+01
4.711407810306916133e+01
4.707158560522857726e+01
4.698134461588382038e+01
4.676491143237130643e+01
4.736632551269292435e+01
4.710475345663125779e+01
4.689127120752838351e+01
4.745104842436995085e+01
4.714623986874335060e+01
4.710891927197919671e+01
4.674574644324611938e+01
4.627528609878790888e+01
4.692625385913704150e+01
4.708155809007210735e+01
4.660354161789821603e+01
4.744594595266541148e+01
4.728722464908416612e+01
4.652996873459505878e+01
4.638741548927477254e+01
4.762345008331011087e+01
4.702693381929535832e+01
4.649440359423674352e+01
4.668955561698913215e+01
4.716168746353656616e+01
4.649424426988798587e+01
4.676689573569680647e+01
4.686906780934585726e+01
4.697853109727121534e+01
4.647929916892069713e+01
4.761552247242900648e+01
4.783515721781635932e+01
4.564205680695601330e+01
4.663284324930872771e+01
4.734252540638311757e+01
4.694181335860124449e+01
4.625477825210739269e+01
4.699305974110055217e+01
4.640715290107549862e+01
4.647556437654378669e+01
4.671552209768682928e+01
4.642759285474694764e+01
4.686155538894804096e+01
4.646446043139382454e+01
4.588637884271778944e+01
4.672526614407299661e+01
4.692068113075895752e+01
4.689332029920787193e+01
4.702993137659562706e+01
4.727020229903438775e+01
4.612392666572896616e+01
4.599793628190802508e+01
4.758320341776336448e+01
4.671424865831505002e+01
4.654028833785004338e+01
4.741799440568657076e+01
4.727174247934069484e+01
4.682609664057345356e+01
4.703930279219070343e+01
4.623583432810948324e+01
4.622477437258823585e+01
4.643157499892836171e+01
4.618793738386785463e+01
4.721490923012209606e+01
4.769960426145845389e+01
4.690935427606681429e+01
4.577218582625405929e+01
4.658640549639360273e+01
4.686303498260458156e+01
4.657252739060502478e+01
4.696151119022286480e+01
4.630339697857125003e+01
4.601742510806339936e+01
4.661080394486214828e+01
4.667044458189844391e+01
4.763182830800655410e+01
4.693217255166396740e+01
4.689325965246124639e+01
4.629623524947422197e+01
4.674365165628558572e+01
4.627267621918010576e+01
4.676518444457364154e+01
4.636682109963504672e+01
4.718809488918664385e+01
4.668580665065106672e+01
4.587293855286011990e+01
4.623255311425777592e+01
4.586813986255783959e+01
4.610337009303488998e+01
4.731724327039337652e+01
4.755552069243531577e+01
4.714819663933769078e+01
4.708641513564810310e+01
4.616487265050140820e+01
4.667431849178057490e+01
4.703638233258596557e+01
4.698838214748700182e+01
4.689091208521124088e+01
4.658614603027081102e+01
4.663873433422906345e+01
4.708353222063516341e+01
4.678268553902365312e+01
4.713177348584692083e+01
4.733156427127482857e+01
4.766325990576220306e+01
4.678991208392528733e+01
4.729647240516706574e+01
4.577966336192545072e+01
4.713570508512987800e+01
4.668303821406443888e+01
4.630249214788755552e+01
4.665736630132136042e+01
4.653610154787328668e+01
4.619729781200491914e+01
4.599887730066134850e+01
4.643686146051560826e+01
4.626898139407644095e+01
4.670232709964080442e+01
4.676406734026380008e+01
4.633143260130925256e+01
4.630582376895993946e+01
4.713411615501537000e+01
4.695765843201726142e+01
4.691939391557449568e+01
4.573648649291795465e+01
4.709471215937705324e+01
4.638487583946015036e+01
4.671514165043068800e+01
4.596291455724091435e+01
4.561064464244845595e+01
4.674328779973234305e+01
4.660599693151820588e+01
4.700284225065428245e+01
4.665158004024394955e+01
4.699016212982429153e+01
4.698402450128496355e+01
4.696757148549493621e+01
4.590871419823825761e+01
4.620366608485705484e+01
4.650191399545648352e+01
4.616891585607518067e+01
4.624319662287074806e+01
4.663761397095081662e+01
4.783430698471734388e+01
4.652171044752905260e+01
4.667226659820707368e+01
4.657916697358638203e+01
4.636411052488941209e+01
4.656968167499108091e+01
4.649723412967309599e+01
4.589687535473327529e+01
4.660154220536956160e+01
4.693224420662010488e+01
4.644320590347711430e+01
4.680055006028833020e+01
4.615236209383672872e+01
4.701993505469791756e+01
4.711908087951080404e+01
4.637319946771766155e+01
4.695704356862941609e+01
4.681643412972107399e+01
4.674564395974132935e+01
4.596196127705353973e+01
4.652221530964050800e+01
4.685752954864506137e+01
4.711213646993844151e+01
4.645394202928188321e+01
4.697489632033150286e+01
4.618943620441365994e+01
4.726786559859369419e+01
4.718781623804963488e+01
4.567635059559640354e+01
4.664539141770892883e+01
4.715708212043429626e+01
4.714506270137960797e+01
4.694550295013895180e+01
4.586665873657808845e+01
4.585388451204340754e+01
4.612378968176485472e+01
4.659576330644294018e+01
4.690300524668645465e+01
4.711336820809547277e+01
4.732545393091326247e+01
4.642363377016105375e+01
4.714525345330837069e+01
4.611719139958668734e+01
4.678530520383542779e+01
4.735684748711047121e+01
4.557227148354657942e+01
4.664374674523742215e+01
4.665984800363487039e+01
4.607315005313712675e+01
4.557689791599042906e+01
4.735690146586300386e+01
4.595543827394891423e+01
4.561296116564254532e+01
4.698131305728611551e+01
4.696073368925895863e+01
4.713168419880317828e+01
4.681860884003696555e+01
4.678876448563032397e+01
4.647006324298173752e+01
4.638029845903622572e+01
4.578120834874671630e+01
4.687820231732251841e+01
4.610814558432477384e+01
4.698401775745262654e+01
4.568668222966800130e+01
4.610452742179450070e+01
4.666752110667106024e+01
4.638130971165976035e+01
4.711410149800404668e+01
4.630446714039813116e+01
4.711945901894371502e+01
4.654903853159464688e+01
4.715182470447764018e+01
4.561259413106241567e+01
4.582359354681646835e+01
4.688585148763499433e+01
4.634436970781631970e+01
4.611978655542127825e+01
4.655493791130113124e+01
4.626757562914094279e+01
4.710318580341211003e+01
4.669868667273077278e+01
4.742481762958551883e+01
4.634037957669892194e+01
4.585954960168048444e+01
4.659413776527458850e+01
4.549984064246113036e+01
4.632564381817730492e+01
4.638108344637763025e+01
4.705498877976737759e+01
4.674524034980912290e+01
4.653171205037351399e+01
4.692877741128654634e+01
4.618976622121143549e+01
4.646500897183292267e+01
4.698168980396471284e+01
4.612720866124605834e+01
4.630785369705050414e+01
4.562731768164161394e+01
4.630959937645440050e+01
4.636190001546709993e+01
4.620816890781408404e+01
4.638492624963279809e+01
4.619488963618127286e+01
4.746853219813990421e+01
4.611778577589345218e+01
4.616914193968467117e+01
4.657132464634332081e+01
4.733976004654285674e+01
4.614645795495049185e+01
4.549644012645407543e+01
4.736985961401617118e+01
4.573041703653236567e+01
4.629446719266721288e+01
4.647024870119528828e+01
4.606965752456407159e+01
4.662500904120386025e+01
4.658564926440544696e+01
4.684765400079950837e+01
4.598042792943776647e+01
4.604634511744833247e+01
4.632326451454299132e+01
4.627348772685882494e+01
4.639711415932546146e+01
4.657693604563090162e+01
4.666138437652784177e+01
4.618371190431679452e+01
4.664368074285276577e+01
4.641566295185043600e+01
4.616785917402262385e+01
4.619808850618328222e+01
4.674342831955493693e+01
4.622034454457029540e+01
4.703810336674845161e+01
4.648180194671110854e+01
4.593849953343242021e+01
4.623648836213166646e+01
4.644022776560190380e+01
4.705085072236597199e+01
4.648586188124198770e+01
4.595983430221739496e+01
4.625866510519556130e+01
4.524513870334428134e+01
4.557355016647301937e+01
4.642767698381763353e+01
4.735149214448097155e+01
4.593917713838649775e+01
4.644175105942418469e+01
4.641788677624439430e+01
4.688401423845839133e+01
4.658752278880734821e+01
4.590258614595530418e+01
4.651882330118179709e+01
4.725069350926032286e+01
4.568520795100835130e+01
4.579958207867933595e+01
4.684122223315211642e+01
4.616956026178689143e+01
4.691095190582121432e+01
4.652278572755538733e+01
4.679825294124897539e+01
4.673055622009407983e+01
4.619644404758079759e+01
4.600490138846646460e+01
4.653583349630636690e+01
4.683778650484617145e+01
4.551917861550948174e+01
4.628562212280809263e+01
4.613895182852965604e+01
4.656282886506578222e+01
4.601213996870573908e+01
4.743462720546190070e+01
4.683194611805408414e+01
4.625783988666157143e+01
4.607631727096148211e+01
4.648179363410125120e+01
4.582014956988874133e+01
4.588573681813603855e+01
4.617174235248108971e+01
4.700214229963709300e+01
4.593170604940461743e+01
4.645723564131305494e+01
4.560205121575680209e+01
4.663834924287341011e+01
4.644263427702312441e+01
4.626996324168137420e+01
4.608922633521604695e+01
4.642916430304752140e+01
4.644137198741926653e+01
4.576634432135413988e+01
4.707954998515226919e+01
4.606214195489155117e+01
4.674292618559239543e+01
4.668098223602012098e+01
4.568708026840235448e+01
4.582744970550479024e+01
4.657088968558782227e+01
4.652802942768741445e+01
4.583255047022309725e+01
4.560611005450031996e+01
4.609802960553813023e+01
4.594946635357618447e+01
4.569484581576627846e+01
4.684511413523548384e+01
4.616366359719814483e+01
4.605140423917477932e+01
4.689071658246416519e+01
4.709483257005087609e+01
4.669608615965274367e+01
4.595877927503426008e+01
4.684089257514289528e+01
4.687926420263170968e+01
4.621833056950467267e+01
4.689330394191192397e+01
4.650274465328824647e+01
4.645102189550763683e+01
4.664115826754009930e+01
4.699411629012121949e+01
4.624857390539904856e+01
4.640924167397575673e+01
4.640719900048128466e+01
4.596605869652417908e+01
4.661998486499000194e+01
4.610591980816646895e+01
4.729727143627877695e+01
4.660427084969317946e+01
4.574933161706429274e+01
4.609003366663615964e+01
4.602562142516330113e+01
4.627381636140415111e+01
4.654120735212261195e+01
4.623449346170733065e+01
4.598442728481784059e+01
4.743364201031708660e+01
4.650705941594178228e+01
4.627261502941071569e+01
4.598215124993428304e+01
4.649863665961069614e+01
4.628695051588136522e+01
4.699674860149104916e+01
4.665272041558324645e+01
4.630533245769999695e+01
4.657745880236636538e+01
4.661004501304743286e+01
4.644345538306072996e+01
4.628132449326395914e+01
4.618393767926121285e+01
4.541801892074177260e+01
4.626612040921339997e+01
4.676734875935008517e+01
4.597956960866560649e+01
4.617867148171741576e+01
4.635564657182415971e+01
4.682117131738287696e+01
4.582851938692326854e+01
4.552873603906117239e+01
4.574129322234122696e+01
4.631649712257809171e+01
4.585937163605076705e+01
4.675216188500417758e+01
4.649804158478713134e+01
4.654654619809279836e+01
4.679327799735803950e+01
4.638188492599767443e+01
4.681767480013665761e+01
4.579172205479005697e+01
4.623402341476327848e+01
4.651247415466045965e+01
4.563414740073285714e+01
4.560205190634293615e+01
4.661624969078971503e+01
4.587549327532875765e+01
4.522377129433116494e+01
4.666388700949502777e+01
4.667091888425984791e+01
4.686580176074934911e+01
4.625290239987344876e+01
4.684684699072507641e+01
4.643715701493644588e+01
4.644779110122260590e+01
4.569875723412514645e+01
4.587241415383532939e+01
4.526468751422144265e+01
4.618881544289470042e+01
4.684215075955994934e+01
4.577417382588908623e+01
4.602570134532109591e+01
4.594296973308616572e+01
4.613127784334486137e+01
4.549675286090573678e+01
4.515620716252058031e+01
4.629528064007787691e+01
4.572015012058731998e+01
4.617977112229489478e+01
4.590997123855250805e+01
4.597077189372063089e+01
4.621522312711438474e+01
4.633974091052154876e+01
4.608699523879929671e+01
4.585474427851249146e+01
4.614699430890549081e+01
4.587279888663281469e+01
4.592267530109300111e+01
4.563953014946163478e+01
4.627625936639082482e+01
4.644349949912461284e+01
4.636477429817104934e+01
4.560714976473954607e+01
4.624034066727081438e+01
4.545343010738202594e+01
4.510300208097368113e+01
4.586976239828193513e+01
4.512342130483882130e+01
4.599126892898780028e+01
4.606863973637180010e+01
4.584824220919197302e+01
4.600465468700826221e+01
4.547316388226118278e+01
4.573203922332430693e+01
4.647025028610836017e+01
4.676410713504372296e+01
4.600045805557424927e+01
4.544968911514003906e+01
4.645348884872303330e+01
4.593693875331965160e+01
4.632128573633828950e+01
4.628544549089010474e+01
4.597199489466203914e+01
4.614170841540546775e+01
4.617874275013802787e+01
4.598139517363067341e+01
4.617660639652588372e+01
4.697087417482943295e+01
4.552052413591651714e+01
